1 0.4625 0.3125 0.034375 0.05625
0 0.396875 0.31796875 0.01875 0.0265625
1 0.54140625 0.3265625 0.0234375 0.03125
0 0.50234375 0.32890625 0.0203125 0.0296875
0 0.4703125 0.33828125 0.025 0.0265625
1 0.578125 0.34765625 0.0375 0.0546875
0 0.38671875 0.3515625 0.0265625 0.03125
0 0.51484375 0.35390625 0.0203125 0.0296875
0 0.478125 0.359375 0.025 0.028125
0 0.61015625 0.359375 0.0296875 0.040625
1 0.31171875 0.3625 0.0578125 0.09375
0 0.53671875 0.37265625 0.0234375 0.0421875
0 0.4875 0.38828125 0.03125 0.0390625
0 0.60625 0.39453125 0.040625 0.0390625
0 0.56015625 0.4 0.0390625 0.059375
0 0.37109375 0.40234375 0.0359375 0.0421875
0 0.35703125 0.45 0.0453125 0.065625
0 0.6625 0.45 0.05 0.059375
0 0.73515625 0.45625 0.0484375 0.05625
1 0.24140625 0.45625 0.1078125 0.178125
1 0.615625 0.4796875 0.075 0.125
0 0.71796875 0.50625 0.0546875 0.0625
0 0.51796875 0.51953125 0.0546875 0.0734375
1 0.0359375 0.64921875 0.071875 0.1890625
1 0.77109375 0.725 0.2765625 0.328125
0 0.26796875 0.76015625 0.1171875 0.1546875