0 0.38984375 0.3484375 0.0421875 0.05
0 0.2984375 0.35234375 0.0375 0.0453125
1 0.3421875 0.35546875 0.04375 0.0859375
1 0.596875 0.3671875 0.040625 0.075
1 0.55078125 0.38359375 0.0515625 0.0796875
0 0.49140625 0.39375 0.0421875 0.075
0 0.66171875 0.39453125 0.0390625 0.0609375
0 0.38671875 0.39765625 0.0359375 0.0546875
1 0.14375 0.4875 0.1 0.15625
0 0.78828125 0.49609375 0.0765625 0.1296875
0 0.53046875 0.5078125 0.0640625 0.09375
0 0.31796875 0.5625 0.0765625 0.1125
1 0.9234375 0.709375 0.153125 0.26875
0 0.2890625 0.75 0.121875 0.190625
0 0.675 0.8875 0.190625 0.225