1 0.4625 0.309375 0.034375 0.05625
0 0.50859375 0.32890625 0.0203125 0.0296875
1 0.54296875 0.3328125 0.0234375 0.03125
0 0.4703125 0.33828125 0.025 0.0265625
0 0.38984375 0.34375 0.0265625 0.03125
1 0.32578125 0.35078125 0.0546875 0.0859375
0 0.51484375 0.35234375 0.0203125 0.0296875
1 0.5890625 0.35390625 0.0375 0.0546875
0 0.478125 0.359375 0.025 0.028125
0 0.6265625 0.375 0.0375 0.046875
0 0.53984375 0.37890625 0.0234375 0.0421875
0 0.37578125 0.3875 0.0359375 0.040625
0 0.615625 0.39921875 0.040625 0.0390625
0 0.56015625 0.4 0.0390625 0.059375
0 0.49375 0.403125 0.03125 0.040625
0 0.36484375 0.415625 0.0390625 0.046875
1 0.26484375 0.41875 0.0921875 0.134375
0 0.6734375 0.459375 0.05 0.0625
0 0.76171875 0.478125 0.0578125 0.071875
1 0.62578125 0.4921875 0.0828125 0.1375
0 0.73984375 0.52421875 0.0640625 0.0734375
1 0.07578125 0.54921875 0.1109375 0.1390625
0 0.53359375 0.57890625 0.0703125 0.0921875
0 0.3078125 0.62734375 0.090625 0.1171875
1 0.81796875 0.7890625 0.3296875 0.39375
0 0.2125 0.809375 0.128125 0.171875