1 0.33828125 0.34921875 0.0484375 0.0734375
1 0.3859375 0.35625 0.046875 0.065625
0 0.534375 0.415625 0.065625 0.08125
1 0.6046875 0.425 0.065625 0.1
0 0.34921875 0.440625 0.0671875 0.071875
0 0.50078125 0.47265625 0.0546875 0.0671875
0 0.80703125 0.49765625 0.0953125 0.0921875
0 0.52265625 0.5203125 0.0796875 0.09375
1 0.7015625 0.521875 0.14375 0.2
0 0.30859375 0.571875 0.1046875 0.146875
0 0.55234375 0.61328125 0.0953125 0.1234375
0 0.9578125 0.63203125 0.084375 0.1515625
0 0.58359375 0.71640625 0.1265625 0.1828125
1 0.83984375 0.75 0.3203125 0.5
1 0.071875 0.77578125 0.140625 0.4484375
0 0.6421875 0.9203125 0.153125 0.159375