0 0.3515625 0.3359375 0.03125 0.0375
0 0.390625 0.34609375 0.03125 0.0328125
0 0.571875 0.353125 0.034375 0.040625
0 0.52890625 0.36796875 0.0296875 0.0390625
0 0.35390625 0.375 0.0328125 0.0375
0 0.59140625 0.37890625 0.0390625 0.0421875
0 0.628125 0.38984375 0.04375 0.0578125
0 0.5546875 0.40546875 0.034375 0.0484375
0 0.490625 0.40625 0.0375 0.04375
1 0.70546875 0.440625 0.1203125 0.2
0 0.5109375 0.45078125 0.053125 0.0765625
1 0.60859375 0.4640625 0.0953125 0.14375
0 0.53359375 0.55703125 0.0734375 0.1015625
0 0.8640625 0.665625 0.115625 0.11875
0 0.57890625 0.71875 0.1046875 0.165625
0 0.76953125 0.73984375 0.1234375 0.1328125