1 0.52578125 0.334375 0.0453125 0.0875
1 0.47265625 0.3359375 0.0421875 0.075
1 0.565625 0.34296875 0.025 0.0515625
1 0.590625 0.36484375 0.0375 0.0671875
1 0.3109375 0.378125 0.0375 0.046875
0 0.4890625 0.37890625 0.0375 0.0546875
0 0.3703125 0.40390625 0.04375 0.0703125
0 0.29765625 0.42109375 0.0421875 0.0453125
0 0.58515625 0.46171875 0.0421875 0.0640625
1 0.1 0.5 0.184375 0.2375
0 0.346875 0.50546875 0.059375 0.0734375
1 0.65234375 0.50625 0.0953125 0.1875
0 0.52890625 0.52734375 0.0609375 0.1078125
0 0.23359375 0.5359375 0.0703125 0.0875
1 0.7859375 0.54453125 0.090625 0.1265625
1 0.7171875 0.60390625 0.103125 0.1796875
0 0.3078125 0.625 0.08125 0.10625
0 0.578125 0.70625 0.09375 0.134375