1 0.2625 0.3421875 0.0625 0.0625
0 0.38359375 0.37890625 0.0328125 0.0421875
0 0.5578125 0.40078125 0.03125 0.0390625
1 0.18671875 0.40625 0.0734375 0.090625
1 0.265625 0.4125 0.09375 0.146875
0 0.58515625 0.43671875 0.0484375 0.0609375
0 0.5125 0.478125 0.05 0.075
1 0.7359375 0.51640625 0.09375 0.1296875
1 0.153125 0.5375 0.178125 0.25
0 0.63125 0.54140625 0.065625 0.0796875
0 0.5515625 0.578125 0.075 0.1125
1 0.03515625 0.58515625 0.0703125 0.1296875
1 0.72734375 0.64375 0.1390625 0.18125
0 0.275 0.7234375 0.10625 0.15