0 0.30546875 0.34296875 0.0265625 0.0390625
0 0.37578125 0.35234375 0.0328125 0.0421875
0 0.47734375 0.375 0.0359375 0.046875
1 0.553125 0.38125 0.065625 0.11875
1 0.25 0.384375 0.04375 0.075
1 0.64765625 0.3875 0.0828125 0.0875
1 0.2859375 0.403125 0.071875 0.115625
0 0.359375 0.42890625 0.053125 0.0671875
0 0.49453125 0.4390625 0.0484375 0.06875
0 0.59296875 0.47109375 0.0265625 0.0796875
1 0.7453125 0.48671875 0.075 0.1234375
1 0.18984375 0.51015625 0.0890625 0.1296875
1 0.68359375 0.53828125 0.1609375 0.2390625
0 0.553125 0.55859375 0.08125 0.1046875
0 0.31484375 0.5703125 0.0765625 0.09375
0 0.84453125 0.6234375 0.0953125 0.1125
0 0.60234375 0.746875 0.1234375 0.2