0 0.39375 0.33359375 0.0375 0.0328125
0 0.38515625 0.359375 0.0359375 0.053125
0 0.52265625 0.38671875 0.0328125 0.0515625
1 0.29375 0.403125 0.08125 0.159375
0 0.4890625 0.446875 0.059375 0.075
1 0.61640625 0.44765625 0.0703125 0.1203125
1 0.74765625 0.46171875 0.1515625 0.1859375
1 0.11875 0.49921875 0.13125 0.1359375
0 0.5125 0.5046875 0.075 0.0875
0 0.58984375 0.5125 0.0890625 0.128125
1 0.7015625 0.5609375 0.09375 0.125
0 0.54296875 0.6 0.0890625 0.140625
1 0.77421875 0.61015625 0.1734375 0.2703125
0 0.18828125 0.61953125 0.1265625 0.1234375
0 0.58828125 0.7125 0.1109375 0.190625
1 0.878125 0.79765625 0.24375 0.4046875
0 0.62890625 0.878125 0.1484375 0.24375