0 0.40625 0.30625 0.028125 0.0375
0 0.3703125 0.3125 0.03125 0.028125
1 0.3109375 0.325 0.05625 0.0875
0 0.3890625 0.3359375 0.040625 0.05
1 0.5453125 0.36875 0.071875 0.10625
0 0.37890625 0.37890625 0.0515625 0.0671875
0 0.65546875 0.43125 0.0515625 0.075
0 0.49921875 0.4546875 0.0546875 0.075
1 0.5984375 0.45625 0.090625 0.14375
0 0.7 0.465625 0.075 0.103125
0 0.5296875 0.525 0.071875 0.10625
0 0.3171875 0.55390625 0.096875 0.1421875
0 0.65390625 0.55859375 0.1015625 0.1328125
0 0.8421875 0.56328125 0.090625 0.1265625
0 0.56328125 0.61640625 0.1078125 0.1546875
1 0.925 0.69609375 0.15 0.3046875
0 0.59609375 0.79921875 0.1328125 0.2265625
0 0.36328125 0.884375 0.0015625 0.0125
0 0.9 0.925 0.2 0.15