1 0.34140625 0.340625 0.0296875 0.034375
1 0.26796875 0.35078125 0.0640625 0.0765625
0 0.38515625 0.3671875 0.0296875 0.0375
0 0.328125 0.371875 0.025 0.040625
1 0.29375 0.40625 0.05625 0.09375
0 0.49140625 0.40546875 0.0328125 0.0484375
1 0.66171875 0.40625 0.0734375 0.140625
1 0.59921875 0.428125 0.1046875 0.159375
0 0.359375 0.44765625 0.05 0.0578125
0 0.509375 0.465625 0.05 0.071875
1 0.11640625 0.47421875 0.1765625 0.2265625
0 0.2359375 0.51015625 0.0625 0.0703125
0 0.32578125 0.540625 0.0703125 0.071875
0 0.5640625 0.671875 0.09375 0.13125
1 0.0640625 0.68984375 0.121875 0.1421875
1 0.834375 0.70625 0.259375 0.4375