0 0.4015625 0.3125 0.028125 0.0375
0 0.36875 0.31875 0.03125 0.028125
1 0.3109375 0.325 0.05625 0.0875
0 0.3875 0.3421875 0.040625 0.05
1 0.54140625 0.36875 0.0578125 0.1125
0 0.36953125 0.4 0.0515625 0.065625
0 0.646875 0.4234375 0.046875 0.0625
1 0.5859375 0.4421875 0.084375 0.125
0 0.69140625 0.45625 0.0578125 0.08125
0 0.5265625 0.509375 0.06875 0.090625
0 0.80390625 0.5375 0.0734375 0.096875
0 0.63984375 0.5390625 0.0734375 0.10625
0 0.54765625 0.59296875 0.0859375 0.1265625
0 0.28046875 0.65859375 0.1140625 0.1671875
1 0.9046875 0.67109375 0.190625 0.3546875
0 0.57578125 0.76328125 0.1203125 0.1984375
0 0.9 0.87890625 0.2 0.2421875
0 0.36328125 0.884375 0.0015625 0.0125