1 0.271875 0.35625 0.06875 0.10625
0 0.3359375 0.365625 0.028125 0.04375
0 0.37890625 0.37578125 0.0328125 0.0359375
1 0.290625 0.4 0.071875 0.103125
1 0.590625 0.415625 0.084375 0.146875
0 0.35703125 0.4265625 0.0453125 0.05625
1 0.65078125 0.42734375 0.0515625 0.0828125
1 0.515625 0.4375 0.078125 0.146875
1 0.70859375 0.475 0.0734375 0.121875
0 0.325 0.521875 0.065625 0.075
0 0.19296875 0.56015625 0.0828125 0.0921875
0 0.5625 0.571875 0.08125 0.121875
0 0.23671875 0.82421875 0.1296875 0.1609375