0 0.58671875 0.365625 0.0390625 0.05
0 0.5421875 0.384375 0.0375 0.040625
0 0.6078125 0.39765625 0.034375 0.0421875
0 0.4875 0.4 0.034375 0.040625
1 0.65859375 0.41875 0.0515625 0.065625
0 0.58046875 0.43828125 0.0515625 0.0515625
1 0.165625 0.44765625 0.084375 0.0953125
0 0.50078125 0.44765625 0.0453125 0.0546875
1 0.76328125 0.490625 0.1640625 0.25
0 0.53203125 0.52421875 0.0703125 0.0984375
1 0.6625 0.540625 0.13125 0.1875
0 0.5859375 0.690625 0.103125 0.15
0 0.64609375 0.9078125 0.1578125 0.184375