1 0.36953125 0.29921875 0.0328125 0.0515625
1 0.3109375 0.38125 0.053125 0.084375
1 0.20234375 0.41640625 0.0921875 0.1078125
0 0.28828125 0.434375 0.0453125 0.059375
1 0.66484375 0.440625 0.0671875 0.0625
0 0.36015625 0.4484375 0.0515625 0.0625
1 0.7546875 0.48984375 0.10625 0.1546875
0 0.52109375 0.496875 0.0640625 0.065625
1 0.63046875 0.5 0.0859375 0.1125
0 0.828125 0.5125 0.046875 0.0625
1 0.6671875 0.54375 0.090625 0.2
0 0.5234375 0.5625 0.08125 0.121875
1 0.92109375 0.571875 0.1578125 0.178125
0 0.559375 0.615625 0.090625 0.103125
1 0.74296875 0.628125 0.0671875 0.14375
0 0.5609375 0.70234375 0.09375 0.1453125
1 0.1046875 0.71328125 0.209375 0.3859375
1 0.875 0.771875 0.25 0.45625
0 0.2515625 0.796875 0.15 0.190625
0 0.72265625 0.8703125 0.1421875 0.259375
0 0.5953125 0.928125 0.128125 0.14375