0 0.58671875 0.365625 0.0390625 0.05
0 0.5421875 0.384375 0.0375 0.040625
0 0.6078125 0.39765625 0.034375 0.0421875
0 0.4875 0.4 0.034375 0.040625
1 0.65234375 0.40625 0.0515625 0.065625
0 0.575 0.4375 0.040625 0.05
0 0.49921875 0.43984375 0.0453125 0.0546875
1 0.153125 0.46015625 0.084375 0.0953125
1 0.75234375 0.48203125 0.1578125 0.2390625
0 0.53203125 0.515625 0.0703125 0.096875
1 0.6578125 0.5359375 0.13125 0.1875
0 0.5796875 0.67109375 0.09375 0.1453125
0 0.95 0.7890625 0.1 0.15625
0 0.640625 0.8921875 0.14375 0.215625