1 0.54375 0.36953125 0.05625 0.0890625
1 0.2515625 0.37265625 0.06875 0.0953125
0 0.4796875 0.384375 0.03125 0.0375
0 0.37734375 0.3921875 0.0359375 0.05
1 0.66015625 0.396875 0.0953125 0.11875
0 0.49296875 0.4078125 0.0390625 0.03125
0 0.50078125 0.45234375 0.0515625 0.0546875
1 0.6234375 0.46953125 0.121875 0.1859375
0 0.52265625 0.503125 0.0609375 0.059375
0 0.53671875 0.571875 0.0671875 0.08125
0 0.8640625 0.603125 0.071875 0.115625
1 0.78671875 0.65625 0.2328125 0.38125
0 0.58125 0.70859375 0.10625 0.1578125