1 0.46328125 0.296875 0.0265625 0.046875
1 0.34765625 0.3 0.0140625 0.028125
1 0.53671875 0.315625 0.0234375 0.05
0 0.5 0.31953125 0.01875 0.0234375
0 0.3921875 0.32578125 0.01875 0.0265625
0 0.46640625 0.328125 0.0234375 0.025
1 0.56640625 0.340625 0.0328125 0.05
0 0.5078125 0.3421875 0.01875 0.025
0 0.60546875 0.353125 0.0203125 0.03125
0 0.53046875 0.35546875 0.0171875 0.0265625
0 0.48046875 0.365625 0.0265625 0.040625
0 0.38046875 0.36875 0.0296875 0.0375
0 0.5890625 0.37421875 0.021875 0.0265625
1 0.29609375 0.375 0.0703125 0.1
0 0.546875 0.3859375 0.0375 0.05
0 0.6875 0.41875 0.040625 0.05625
0 0.6390625 0.42421875 0.03125 0.0515625
0 0.35625 0.43515625 0.040625 0.0421875
1 0.59140625 0.446875 0.0671875 0.115625
0 0.67890625 0.47109375 0.0453125 0.0578125
0 0.49921875 0.46953125 0.0484375 0.0640625
0 0.3375 0.496875 0.053125 0.071875
1 0.18671875 0.509375 0.1515625 0.221875
1 0.70703125 0.61484375 0.2078125 0.2046875
0 0.934375 0.65859375 0.109375 0.1171875
0 0.62421875 0.81484375 0.1359375 0.1953125