1 0.33984375 0.33203125 0.0453125 0.0734375
1 0.284375 0.3609375 0.040625 0.0625
0 0.375 0.38125 0.0375 0.046875
0 0.49296875 0.40625 0.0359375 0.046875
0 0.6453125 0.4109375 0.03125 0.075
1 0.59375 0.428125 0.096875 0.159375
0 0.265625 0.44140625 0.046875 0.0546875
1 0.71484375 0.459375 0.1234375 0.171875
0 0.35 0.48203125 0.05 0.0609375
1 0.22578125 0.49765625 0.0671875 0.1296875
1 0.0984375 0.528125 0.10625 0.134375
0 0.55078125 0.6 0.0828125 0.121875
1 0.91484375 0.6046875 0.1703125 0.2
0 0.75703125 0.68125 0.1140625 0.165625
0 0.2390625 0.75859375 0.13125 0.1671875
1 0.9125 0.8234375 0.175 0.353125