1 0.2484375 0.35078125 0.071875 0.1015625
1 0.30625 0.378125 0.04375 0.071875
0 0.48359375 0.40859375 0.0390625 0.0546875
1 0.1796875 0.42109375 0.096875 0.1296875
1 0.609375 0.43125 0.0875 0.146875
1 0.2734375 0.43359375 0.075 0.0796875
1 0.75390625 0.503125 0.0984375 0.13125
0 0.33828125 0.50546875 0.0640625 0.0765625
0 0.23828125 0.51171875 0.0640625 0.0734375
0 0.52578125 0.51796875 0.0609375 0.0859375
0 0.14609375 0.525 0.0734375 0.08125
1 0.69140625 0.540625 0.0984375 0.190625
1 0.07578125 0.740625 0.1515625 0.3