1 0.5484375 0.3671875 0.0625 0.0875
1 0.6625 0.3875 0.1 0.1125
0 0.48125 0.39375 0.0375 0.04375
0 0.490625 0.4359375 0.05 0.0625
1 0.58515625 0.43515625 0.0828125 0.1578125
0 0.51015625 0.46171875 0.0609375 0.0390625
0 0.71640625 0.490625 0.0359375 0.065625
1 0.65546875 0.5 0.1234375 0.228125
0 0.33359375 0.5125 0.0640625 0.090625
0 0.51953125 0.515625 0.0609375 0.084375
0 0.7609375 0.52578125 0.065625 0.0734375
0 0.53203125 0.5609375 0.0640625 0.0875
0 0.178125 0.57578125 0.084375 0.0890625
0 0.803125 0.57734375 0.0875 0.1046875
0 0.56171875 0.59296875 0.0890625 0.1359375
0 0.921875 0.690625 0.13125 0.153125
0 0.76875 0.7375 0.140625 0.18125
0 0.5953125 0.74921875 0.11875 0.1640625