0 0.33984375 0.33125 0.0171875 0.03125
0 0.4734375 0.3453125 0.01875 0.03125
0 0.3953125 0.3546875 0.015625 0.0375
0 0.29140625 0.359375 0.0203125 0.028125
1 0.56328125 0.3625 0.0828125 0.1125
0 0.27265625 0.378125 0.0203125 0.0375
0 0.371875 0.390625 0.034375 0.065625
1 0.30625 0.396875 0.034375 0.06875
1 0.49453125 0.409375 0.0265625 0.04375
1 0.26953125 0.4265625 0.0796875 0.11875
0 0.35546875 0.4484375 0.0640625 0.1
0 0.18984375 0.45625 0.0609375 0.090625
0 0.14453125 0.50390625 0.0671875 0.0671875
0 0.328125 0.52421875 0.08125 0.1140625
0 0.64453125 0.52890625 0.0421875 0.0796875
0 0.8328125 0.54375 0.025 0.065625
1 0.73203125 0.596875 0.1296875 0.2
1 0.15703125 0.609375 0.0890625 0.18125
0 0.28359375 0.63125 0.1203125 0.203125
1 0.903125 0.690625 0.19375 0.275