1 0.35625 0.315625 0.0375 0.0625
1 0.50625 0.31484375 0.034375 0.0578125
0 0.3921875 0.3296875 0.028125 0.0375
1 0.28046875 0.3453125 0.0578125 0.05625
0 0.3796875 0.359375 0.034375 0.040625
1 0.5390625 0.36015625 0.04375 0.0828125
1 0.32109375 0.365625 0.0640625 0.08125
0 0.47890625 0.36875 0.0328125 0.046875
1 0.2453125 0.3859375 0.053125 0.075
1 0.6078125 0.390625 0.05 0.078125
1 0.3625 0.4109375 0.04375 0.0625
0 0.21328125 0.5265625 0.0765625 0.10625
0 0.32265625 0.55859375 0.0609375 0.0828125
0 0.57734375 0.596875 0.0734375 0.128125
0 0.69453125 0.6 0.0890625 0.115625