1 0.2859375 0.33984375 0.04375 0.0671875
0 0.37890625 0.37109375 0.0390625 0.0421875
1 0.30546875 0.38984375 0.0734375 0.0953125
1 0.55859375 0.396875 0.0453125 0.0875
0 0.48828125 0.4078125 0.0421875 0.04375
1 0.671875 0.43359375 0.06875 0.1078125
0 0.5109375 0.45 0.053125 0.075
0 0.60859375 0.4859375 0.0515625 0.075
1 0.8046875 0.525 0.2 0.24375
1 0.6671875 0.55625 0.096875 0.1625
0 0.54140625 0.59609375 0.0734375 0.1078125
1 0.86015625 0.8234375 0.2109375 0.353125
0 0.6515625 0.87421875 0.159375 0.2484375