0 0.38984375 0.325 0.0328125 0.04375
1 0.2953125 0.340625 0.046875 0.065625
0 0.33203125 0.36328125 0.0390625 0.0609375
1 0.5546875 0.37421875 0.0625 0.1234375
0 0.37578125 0.375 0.0453125 0.071875
0 0.48828125 0.40703125 0.0453125 0.0484375
0 0.68984375 0.409375 0.0546875 0.071875
0 0.340625 0.41875 0.0625 0.075
1 0.60625 0.44609375 0.0875 0.1421875
0 0.50625 0.4625 0.059375 0.059375
0 0.21875 0.5140625 0.084375 0.09375
0 0.5203125 0.5296875 0.06875 0.1
1 0.8171875 0.53046875 0.128125 0.1859375
1 0.6875 0.55625 0.16875 0.2875
0 0.5484375 0.61875 0.0875 0.10625
0 0.57578125 0.73359375 0.1109375 0.1703125
1 0.95546875 0.753125 0.0890625 0.246875
0 0.63359375 0.88203125 0.1546875 0.2359375