1 0.3609375 0.30859375 0.040625 0.0578125
1 0.39921875 0.309375 0.0296875 0.053125
0 0.384375 0.34921875 0.04375 0.0359375
0 0.375 0.36953125 0.04375 0.0609375
0 0.6359375 0.40390625 0.046875 0.0671875
1 0.7234375 0.421875 0.140625 0.140625
1 0.2640625 0.43125 0.1125 0.165625
1 0.60859375 0.43203125 0.0671875 0.1234375
0 0.484375 0.44765625 0.040625 0.0703125
0 0.5578125 0.47578125 0.075 0.1015625
0 0.5046875 0.503125 0.06875 0.103125
0 0.66640625 0.55390625 0.0484375 0.1328125
0 0.528125 0.57109375 0.08125 0.1203125
1 0.0453125 0.58515625 0.090625 0.1546875
1 0.746875 0.609375 0.159375 0.3
0 0.57578125 0.68125 0.1140625 0.146875
0 0.09921875 0.746875 0.1265625 0.175
1 0.86171875 0.77890625 0.2765625 0.4421875
0 0.61484375 0.82109375 0.1515625 0.2328125