1 0.62421875 0.38046875 0.0734375 0.1140625
0 0.48671875 0.39765625 0.0390625 0.0453125
1 0.56640625 0.409375 0.0515625 0.096875
0 0.503125 0.43515625 0.046875 0.0671875
1 0.19921875 0.4421875 0.0703125 0.0875
1 0.71875 0.48828125 0.075 0.1140625
0 0.62109375 0.49453125 0.0609375 0.0765625
1 0.2421875 0.503125 0.06875 0.084375
0 0.54140625 0.58046875 0.0796875 0.1140625
0 0.2421875 0.58359375 0.084375 0.0953125
0 0.81328125 0.60703125 0.1015625 0.1390625
0 0.69140625 0.64140625 0.0984375 0.1296875
0 0.27421875 0.68203125 0.1015625 0.1234375