0 0.515625 0.28203125 0.009375 0.0140625
1 0.3765625 0.2890625 0.025 0.05625
0 0.34609375 0.296875 0.0234375 0.01875
1 0.490625 0.296875 0.028125 0.04375
0 0.51328125 0.30546875 0.0171875 0.0265625
0 0.4578125 0.30625 0.009375 0.021875
0 0.54921875 0.30625 0.0171875 0.021875
0 0.31796875 0.31796875 0.0265625 0.0359375
0 0.396875 0.325 0.028125 0.04375
0 0.35390625 0.328125 0.0296875 0.05
0 0.5078125 0.328125 0.015625 0.03125
0 0.46875 0.3296875 0.03125 0.025
1 0.63515625 0.36953125 0.0828125 0.1234375
1 0.5671875 0.378125 0.065625 0.109375
0 0.371875 0.390625 0.03125 0.053125
0 0.30546875 0.396875 0.0515625 0.0625
1 0.50546875 0.41484375 0.0859375 0.1296875
0 0.70390625 0.415625 0.0453125 0.034375
1 0.203125 0.41953125 0.08125 0.0984375
0 0.2734375 0.45234375 0.053125 0.1078125
0 0.35859375 0.47578125 0.0515625 0.0890625
0 0.70078125 0.48046875 0.0734375 0.0984375
0 0.809375 0.49453125 0.05 0.0390625
1 0.1953125 0.52578125 0.075 0.1234375
0 0.82265625 0.56484375 0.1078125 0.1453125
0 0.06875 0.75234375 0.115625 0.2703125
0 0.60625 0.784375 0.115625 0.19375
0 0.22265625 0.85703125 0.1453125 0.1859375