0 0.47109375 0.35859375 0.0296875 0.0421875
0 0.33984375 0.36640625 0.0328125 0.0421875
0 0.484375 0.38203125 0.03125 0.0390625
0 0.3734375 0.38515625 0.034375 0.0421875
1 0.27890625 0.4125 0.0828125 0.109375
0 0.50234375 0.4125 0.0390625 0.05
1 0.20546875 0.41796875 0.0671875 0.1015625
0 0.359375 0.42265625 0.0375 0.0546875
0 0.52265625 0.478125 0.0546875 0.09375
0 0.321875 0.55625 0.071875 0.0875
0 0.1984375 0.58125 0.084375 0.09375
0 0.56640625 0.628125 0.0921875 0.1375
1 0.8578125 0.765625 0.284375 0.46875