0 0.31953125 0.38046875 0.0296875 0.0640625
1 0.659375 0.396875 0.08125 0.096875
1 0.57578125 0.40234375 0.0890625 0.1671875
1 0.27578125 0.44375 0.0734375 0.115625
0 0.51875 0.45390625 0.0625 0.0828125
0 0.5109375 0.5 0.08125 0.0875
1 0.6515625 0.5125 0.13125 0.1875
0 0.53203125 0.56171875 0.0703125 0.1140625
1 0.0484375 0.58125 0.096875 0.203125
0 0.56875 0.675 0.103125 0.1375
0 0.27890625 0.696875 0.1328125 0.15
1 0.83515625 0.7328125 0.3296875 0.50625
0 0.60859375 0.825 0.1453125 0.228125
1 0.05390625 0.8515625 0.1078125 0.296875
0 0.6671875 0.925 0.140625 0.15