1 0.29609375 0.33671875 0.0359375 0.0640625
1 0.35390625 0.3359375 0.0390625 0.05
0 0.4703125 0.353125 0.034375 0.0375
1 0.56015625 0.3765625 0.0703125 0.13125
0 0.478125 0.38125 0.034375 0.040625
0 0.61796875 0.40234375 0.0390625 0.0546875
1 0.6765625 0.41640625 0.084375 0.1296875
0 0.49140625 0.428125 0.0359375 0.053125
0 0.346875 0.45 0.053125 0.059375
0 0.51171875 0.48671875 0.0578125 0.0734375
1 0.78828125 0.53515625 0.1421875 0.1546875
0 0.55078125 0.60234375 0.0734375 0.0921875
0 0.68125 0.60390625 0.078125 0.0953125
0 0.63984375 0.9078125 0.1390625 0.184375