1 0.6484375 0.39375 0.05625 0.09375
1 0.5875 0.44921875 0.053125 0.1109375
1 0.69140625 0.453125 0.0265625 0.0875
1 0.784375 0.48203125 0.15 0.1609375
0 0.496875 0.490625 0.053125 0.084375
1 0.621875 0.49609375 0.08125 0.1328125
0 0.51875 0.55078125 0.065625 0.0890625
1 0.94375 0.59375 0.1125 0.125
0 0.54296875 0.63203125 0.0921875 0.1515625
0 0.6515625 0.63671875 0.11875 0.1609375
1 0.821875 0.69375 0.20625 0.340625
1 0.1015625 0.71171875 0.203125 0.4015625
1 0.9 0.82265625 0.2 0.3546875
0 0.58984375 0.884375 0.1296875 0.228125