0 0.40625 0.30625 0.028125 0.0375
0 0.36875 0.31875 0.03125 0.028125
1 0.3109375 0.325 0.05625 0.0875
0 0.3890625 0.3359375 0.040625 0.05
1 0.54296875 0.36875 0.0609375 0.10625
0 0.37578125 0.3875 0.0515625 0.065625
0 0.65546875 0.43125 0.0515625 0.075
1 0.5953125 0.446875 0.084375 0.125
0 0.7 0.465625 0.075 0.103125
0 0.528125 0.515625 0.06875 0.090625
0 0.8234375 0.55546875 0.090625 0.1265625
0 0.65390625 0.55859375 0.1015625 0.1328125
0 0.30625 0.57265625 0.096875 0.1421875
0 0.55234375 0.603125 0.0859375 0.128125
1 0.925 0.69609375 0.15 0.3046875
0 0.59609375 0.79921875 0.1328125 0.2265625
0 0.36328125 0.884375 0.0015625 0.0125
0 0.9 0.925 0.2 0.15