0 0.38046875 0.3578125 0.0359375 0.04375
1 0.53828125 0.36328125 0.0453125 0.0734375
0 0.27421875 0.3765625 0.0390625 0.04375
1 0.6390625 0.384375 0.065625 0.103125
0 0.49765625 0.40546875 0.0390625 0.0484375
0 0.696875 0.4078125 0.05 0.05625
1 0.5875 0.409375 0.078125 0.125
0 0.34375 0.459375 0.05 0.065625
0 0.51953125 0.48984375 0.0546875 0.0703125
1 0.7625 0.49296875 0.134375 0.1515625
1 0.64609375 0.53046875 0.0765625 0.1359375
0 0.54921875 0.59296875 0.0734375 0.0984375
1 0.75 0.640625 0.1625 0.3
0 0.64453125 0.87109375 0.1421875 0.2296875