1 0.33828125 0.35 0.0359375 0.040625
1 0.26796875 0.35078125 0.0640625 0.0765625
0 0.38515625 0.3671875 0.0296875 0.0375
0 0.32578125 0.38203125 0.0328125 0.0484375
0 0.48828125 0.3984375 0.0359375 0.05
1 0.6515625 0.39921875 0.071875 0.1390625
1 0.2859375 0.41875 0.05625 0.09375
1 0.59375 0.4234375 0.09375 0.15
0 0.5046875 0.45546875 0.05 0.0734375
0 0.3546875 0.46484375 0.05625 0.0703125
1 0.1046875 0.490625 0.1875 0.240625
0 0.23046875 0.52890625 0.0765625 0.0703125
0 0.31640625 0.565625 0.0765625 0.1
0 0.55546875 0.64140625 0.0859375 0.1296875
1 0.8140625 0.68125 0.240625 0.4
1 0.05546875 0.7296875 0.1109375 0.1625