1 0.37578125 0.29296875 0.0328125 0.0515625
0 0.40234375 0.30625 0.0203125 0.03125
1 0.35078125 0.31796875 0.0359375 0.0609375
1 0.51328125 0.328125 0.0421875 0.0625
1 0.3015625 0.33203125 0.034375 0.0609375
0 0.39140625 0.3375 0.0234375 0.034375
1 0.3453125 0.34609375 0.065625 0.0921875
1 0.26796875 0.36484375 0.0453125 0.0671875
0 0.3734375 0.37890625 0.034375 0.0453125
1 0.5578125 0.38515625 0.05625 0.1046875
0 0.484375 0.39375 0.0375 0.05625
1 0.6453125 0.4328125 0.078125 0.10625
1 0.2625 0.459375 0.0625 0.078125
0 0.34921875 0.465625 0.0484375 0.06875
0 0.19765625 0.6 0.1015625 0.11875
0 0.2578125 0.765625 0.11875 0.1625
0 0.67734375 0.85859375 0.1484375 0.2328125
0 0.92109375 0.909375 0.1578125 0.18125