1 0.35546875 0.2875 0.0265625 0.028125
1 0.3625 0.31015625 0.025 0.0296875
0 0.47421875 0.33046875 0.0296875 0.0359375
0 0.5078125 0.33125 0.025 0.040625
0 0.47890625 0.3625 0.0328125 0.046875
0 0.2796875 0.37421875 0.034375 0.0390625
0 0.32109375 0.37734375 0.0359375 0.0546875
0 0.3828125 0.3765625 0.0375 0.04375
0 0.37578125 0.40703125 0.0328125 0.0515625
0 0.51484375 0.4125 0.0453125 0.0625
1 0.60390625 0.43125 0.0671875 0.11875
0 0.30703125 0.578125 0.0796875 0.1125
1 0.75 0.63359375 0.18125 0.2421875