1 0.28828125 0.35078125 0.0359375 0.0484375
0 0.384375 0.36640625 0.0375 0.0453125
0 0.4796875 0.36953125 0.03125 0.0390625
0 0.32890625 0.38125 0.0390625 0.040625
0 0.4984375 0.4 0.0375 0.046875
0 0.3671875 0.40859375 0.04375 0.0453125
0 0.5125 0.446875 0.05 0.071875
1 0.24296875 0.45625 0.1046875 0.140625
1 0.1609375 0.45703125 0.08125 0.1140625
0 0.34296875 0.465625 0.0515625 0.071875
0 0.5390625 0.53984375 0.065625 0.1046875
1 0.771875 0.628125 0.21875 0.375
0 0.28125 0.684375 0.090625 0.11875
0 0.1109375 0.7125 0.109375 0.11875