1 0.24765625 0.35390625 0.0640625 0.0671875
1 0.30703125 0.36484375 0.0671875 0.0953125
1 0.6359375 0.4 0.084375 0.115625
0 0.55390625 0.40390625 0.0359375 0.0453125
0 0.4953125 0.41875 0.040625 0.05
1 0.253125 0.42265625 0.1 0.1453125
0 0.36171875 0.44921875 0.0453125 0.0640625
1 0.1703125 0.45 0.06875 0.084375
0 0.59296875 0.45390625 0.0484375 0.0578125
0 0.63671875 0.5125 0.0640625 0.084375
1 0.0921875 0.521875 0.09375 0.115625
0 0.5453125 0.59140625 0.075 0.1171875
1 0.89296875 0.671875 0.1609375 0.215625
0 0.74453125 0.73515625 0.1171875 0.1421875
0 0.63203125 0.8390625 0.1421875 0.21875