0 0.315625 0.32734375 0.025 0.0296875
0 0.38671875 0.340625 0.0296875 0.03125
0 0.384375 0.36875 0.03125 0.04375
0 0.47890625 0.37109375 0.0296875 0.0421875
0 0.559375 0.384375 0.03125 0.034375
1 0.28828125 0.39609375 0.0796875 0.1171875
1 0.6703125 0.41171875 0.09375 0.1515625
0 0.56640625 0.4265625 0.0453125 0.05625
0 0.5109375 0.45390625 0.053125 0.0671875
1 0.8046875 0.5359375 0.178125 0.225
0 0.6921875 0.61953125 0.096875 0.1265625
0 0.571875 0.64921875 0.084375 0.1265625
0 0.6640625 0.88125 0.153125 0.2375
0 0.203125 0.9 0.159375 0.2