0 0.33671875 0.36171875 0.0265625 0.0390625
1 0.26484375 0.3625 0.0609375 0.08125
1 0.5640625 0.39765625 0.053125 0.0921875
0 0.49296875 0.40234375 0.0421875 0.0421875
0 0.6453125 0.41328125 0.04375 0.0484375
0 0.4890625 0.42578125 0.034375 0.0484375
0 0.35703125 0.42734375 0.0484375 0.0546875
0 0.6890625 0.45234375 0.053125 0.0578125
0 0.50625 0.459375 0.046875 0.0625
0 0.5953125 0.4609375 0.046875 0.0625
0 0.5171875 0.50703125 0.053125 0.0734375
1 0.828125 0.55703125 0.196875 0.2234375
0 0.54765625 0.62890625 0.0890625 0.1203125
0 0.74609375 0.69609375 0.1203125 0.1578125
1 0.9546875 0.75703125 0.090625 0.1609375
0 0.621875 0.834375 0.134375 0.1875
0 0.2171875 0.88203125 0.1625 0.2015625