1 0.3328125 0.3046875 0.03125 0.05
0 0.4015625 0.3046875 0.021875 0.025
1 0.57265625 0.31015625 0.0578125 0.0671875
0 0.36875 0.31484375 0.034375 0.0453125
1 0.515625 0.33984375 0.053125 0.0671875
0 0.475 0.34375 0.034375 0.03125
0 0.38203125 0.35625 0.0359375 0.046875
0 0.4734375 0.36875 0.034375 0.0375
0 0.4828125 0.4 0.040625 0.05625
1 0.578125 0.4 0.09375 0.1625
0 0.64296875 0.43125 0.0484375 0.071875
1 0.70546875 0.45 0.1109375 0.18125
0 0.503125 0.46875 0.05 0.06875
0 0.5421875 0.57734375 0.08125 0.1078125
1 0.87265625 0.609375 0.2015625 0.21875
0 0.259375 0.678125 0.128125 0.15
0 0.6078125 0.7625 0.125 0.190625
0 0.89453125 0.87734375 0.1828125 0.2203125