1 0.375 0.29453125 0.028125 0.0515625
0 0.4015625 0.31171875 0.015625 0.0265625
1 0.35703125 0.3125 0.0359375 0.0625
1 0.3078125 0.3265625 0.028125 0.04375
0 0.51484375 0.32890625 0.0171875 0.0203125
0 0.39296875 0.34140625 0.0234375 0.0296875
1 0.596875 0.34296875 0.028125 0.0359375
0 0.37578125 0.35078125 0.0265625 0.0359375
0 0.528125 0.359375 0.021875 0.03125
1 0.4859375 0.365625 0.05 0.103125
0 0.54765625 0.390625 0.0359375 0.0375
1 0.61640625 0.396875 0.0453125 0.075
0 0.371875 0.40078125 0.040625 0.0484375
0 0.30234375 0.40078125 0.0390625 0.0484375
0 0.565625 0.421875 0.040625 0.05
0 0.6953125 0.4390625 0.040625 0.04375
0 0.50859375 0.45625 0.0484375 0.065625
1 0.25859375 0.4703125 0.0484375 0.06875
0 0.603125 0.48984375 0.046875 0.0578125
1 0.75625 0.515625 0.08125 0.128125
0 0.33984375 0.51953125 0.0578125 0.0765625
0 0.815625 0.52109375 0.053125 0.0703125
1 0.0546875 0.559375 0.109375 0.140625
0 0.67109375 0.5734375 0.0765625 0.1
0 0.57265625 0.65859375 0.1015625 0.1453125
0 0.97734375 0.66953125 0.0453125 0.1015625
1 0.09296875 0.72890625 0.1859375 0.3921875
1 0.78046875 0.73984375 0.1421875 0.2171875
0 0.9796875 0.8109375 0.040625 0.1625
0 0.2453125 0.88828125 0.1375 0.1734375