1 0.265625 0.36640625 0.05 0.0671875
1 0.540625 0.36640625 0.05625 0.0921875
1 0.61484375 0.3875 0.0484375 0.0625
0 0.484375 0.396875 0.0375 0.046875
0 0.56953125 0.4296875 0.0515625 0.0625
0 0.34765625 0.434375 0.0515625 0.0625
0 0.6515625 0.43984375 0.05 0.0671875
0 0.51171875 0.46484375 0.0546875 0.0703125
1 0.71796875 0.478125 0.0734375 0.125
0 0.64609375 0.53828125 0.0796875 0.1015625
0 0.53203125 0.54609375 0.0640625 0.0828125
1 0.88125 0.5921875 0.2375 0.3625
0 0.6078125 0.73125 0.134375 0.19375