1 0.63203125 0.384375 0.0796875 0.11875
0 0.4859375 0.40390625 0.0375 0.0453125
1 0.57265625 0.41875 0.0546875 0.09375
1 0.21328125 0.4328125 0.0640625 0.08125
0 0.50625 0.44140625 0.046875 0.0671875
1 0.2609375 0.471875 0.0625 0.075
1 0.7296875 0.49765625 0.078125 0.1203125
0 0.62734375 0.50625 0.0609375 0.0875
0 0.26484375 0.546875 0.0734375 0.08125
0 0.54453125 0.59453125 0.0796875 0.1140625
0 0.8296875 0.625 0.10625 0.15
0 0.2890625 0.6375 0.0875 0.1125
0 0.7078125 0.66953125 0.109375 0.1390625