0 0.31875 0.32578125 0.021875 0.0359375
0 0.34765625 0.328125 0.0234375 0.040625
0 0.38671875 0.3375 0.0296875 0.034375
1 0.5578125 0.384375 0.040625 0.078125
0 0.62421875 0.41328125 0.0453125 0.0609375
0 0.35703125 0.425 0.0578125 0.078125
0 0.5078125 0.43203125 0.04375 0.0640625
0 0.52578125 0.509375 0.0578125 0.075
0 0.73203125 0.515625 0.0703125 0.075
0 0.64609375 0.540625 0.0703125 0.096875
0 0.2828125 0.63125 0.15625 0.134375
0 0.7125 0.63515625 0.090625 0.1328125
1 0.9078125 0.63984375 0.159375 0.2328125
0 0.56875 0.64609375 0.084375 0.1453125
1 0.86796875 0.81875 0.2203125 0.3625