1 0.65 0.39765625 0.084375 0.0953125
0 0.5953125 0.44921875 0.046875 0.0765625
0 0.50625 0.45390625 0.04375 0.0546875
0 0.51484375 0.48984375 0.0578125 0.0828125
1 0.82578125 0.490625 0.2015625 0.184375
1 0.621875 0.50546875 0.071875 0.1265625
0 0.53203125 0.51875 0.0640625 0.0625
1 0.6734375 0.54375 0.11875 0.2
1 0.04921875 0.56015625 0.0953125 0.1578125
0 0.1828125 0.56953125 0.103125 0.1140625
0 0.5546875 0.578125 0.084375 0.115625
1 0.5359375 0.62890625 0.0875 0.1578125
1 0.77265625 0.66953125 0.0984375 0.1640625
0 0.57734375 0.75078125 0.1171875 0.1765625
1 0.89765625 0.76640625 0.2046875 0.3828125
0 0.621875 0.8921875 0.146875 0.215625