1 0.5140625 0.32890625 0.034375 0.0703125
1 0.55859375 0.334375 0.0359375 0.065625
1 0.33359375 0.34453125 0.0546875 0.0859375
1 0.284375 0.35 0.05625 0.071875
1 0.234375 0.384375 0.08125 0.084375
0 0.3765625 0.38515625 0.03125 0.0421875
0 0.55 0.40234375 0.0375 0.0546875
0 0.50625 0.4203125 0.040625 0.06875
0 0.34765625 0.446875 0.0453125 0.059375
1 0.25703125 0.44765625 0.1046875 0.1453125
1 0.14296875 0.471875 0.0796875 0.1125
1 0.2875 0.628125 0.1 0.125
0 0.80234375 0.909375 0.1609375 0.18125