1 0.60625 0.3703125 0.0625 0.09375
1 0.55703125 0.3875 0.0546875 0.1
0 0.4890625 0.4 0.0375 0.046875
1 0.67578125 0.440625 0.1078125 0.1625
0 0.50234375 0.44765625 0.0484375 0.0703125
0 0.59375 0.45625 0.05 0.0625
0 0.7890625 0.49375 0.078125 0.08125
0 0.62265625 0.50234375 0.0671875 0.0921875
0 0.52265625 0.50390625 0.0609375 0.0796875
0 0.31640625 0.53359375 0.0703125 0.0953125
1 0.71171875 0.59609375 0.1078125 0.2046875
0 0.57734375 0.60625 0.0890625 0.13125
0 0.803125 0.796875 0.153125 0.19375