0 0.3828125 0.35859375 0.040625 0.0421875
1 0.32421875 0.3625 0.0546875 0.09375
0 0.38046875 0.384375 0.0484375 0.053125
0 0.64296875 0.41953125 0.0390625 0.0734375
1 0.70234375 0.44453125 0.1359375 0.1609375
0 0.3234375 0.45390625 0.059375 0.0671875
0 0.6109375 0.46875 0.075 0.0875
0 0.5171875 0.5125 0.075 0.096875
0 0.840625 0.52890625 0.1 0.0921875
0 0.3125 0.553125 0.09375 0.121875
0 0.540625 0.56875 0.084375 0.10625
0 0.671875 0.578125 0.0875 0.134375
1 0.94921875 0.63984375 0.1015625 0.3078125
0 0.8421875 0.6421875 0.096875 0.125
1 0.74375 0.69296875 0.165625 0.2515625
0 0.61796875 0.69453125 0.1046875 0.1515625
0 0.07890625 0.8078125 0.1578125 0.19375
1 0.56875 0.840625 0.171875 0.2875
1 0.91171875 0.8671875 0.1765625 0.265625
0 0.175 0.915625 0.184375 0.16875