0 0.35625 0.33515625 0.028125 0.0421875
0 0.48046875 0.38125 0.0328125 0.04375
0 0.3109375 0.3984375 0.034375 0.05
1 0.65234375 0.396875 0.0921875 0.15625
0 0.49765625 0.4125 0.0390625 0.05625
1 0.57109375 0.41484375 0.0703125 0.0953125
0 0.3640625 0.434375 0.04375 0.05625
0 0.5046875 0.47734375 0.046875 0.0703125
0 0.65625 0.565625 0.071875 0.09375
0 0.53671875 0.575 0.0703125 0.109375
0 0.2265625 0.57734375 0.084375 0.0953125
1 0.8609375 0.75078125 0.275 0.4984375
0 0.640625 0.90390625 0.1375 0.1921875