1 0.29609375 0.39609375 0.0765625 0.1421875
1 0.3421875 0.45 0.059375 0.103125
0 0.503125 0.45 0.059375 0.065625
1 0.615625 0.49375 0.078125 0.128125
1 0.6625 0.528125 0.109375 0.18125
0 0.5125 0.5296875 0.059375 0.1
1 0.853125 0.5375 0.19375 0.221875
0 0.53515625 0.58671875 0.0796875 0.1140625
0 0.30078125 0.60234375 0.1078125 0.1453125
0 0.74609375 0.61953125 0.0859375 0.1390625
0 0.55546875 0.6546875 0.0890625 0.15
1 0.8515625 0.7125 0.209375 0.34375
0 0.696875 0.8 0.1375 0.234375
1 0.9140625 0.8234375 0.171875 0.353125
1 0.059375 0.82890625 0.11875 0.3421875
0 0.5875 0.9109375 0.115625 0.175