0 0.38984375 0.33359375 0.0265625 0.0328125
1 0.5359375 0.3484375 0.05625 0.1125
0 0.59140625 0.37890625 0.0359375 0.0453125
1 0.6484375 0.38203125 0.0625 0.1015625
0 0.48203125 0.38984375 0.0359375 0.0421875
1 0.31015625 0.39296875 0.0515625 0.0640625
0 0.49140625 0.41640625 0.0390625 0.0453125
0 0.61484375 0.43515625 0.0421875 0.0546875
0 0.36015625 0.43671875 0.0515625 0.0515625
1 0.7015625 0.45 0.084375 0.115625
0 0.50546875 0.4625 0.0484375 0.053125
1 0.6734375 0.49609375 0.1 0.1578125
0 0.53515625 0.58046875 0.0765625 0.1015625
1 0.04765625 0.61875 0.0953125 0.190625
1 0.84453125 0.765625 0.3109375 0.46875
0 0.61328125 0.80625 0.1296875 0.225