1 0.52578125 0.33515625 0.0421875 0.0703125
1 0.58125 0.35625 0.05 0.0875
1 0.3171875 0.3625 0.053125 0.084375
0 0.47890625 0.37578125 0.0421875 0.0484375
0 0.55078125 0.39296875 0.0359375 0.0484375
0 0.4921875 0.41796875 0.04375 0.0640625
0 0.18125 0.43671875 0.059375 0.0859375
1 0.26171875 0.446875 0.0859375 0.10625
0 0.35703125 0.4625 0.0515625 0.071875
1 0.77109375 0.46875 0.1203125 0.1
1 0.61015625 0.4765625 0.0609375 0.15625
1 0.12421875 0.51875 0.0859375 0.115625
0 0.303125 0.5625 0.096875 0.1125
1 0.721875 0.58515625 0.178125 0.3078125
0 0.55078125 0.60234375 0.0953125 0.1296875
0 0.53359375 0.63671875 0.0015625 0.0234375