0 0.38515625 0.34765625 0.0328125 0.0421875
1 0.5359375 0.3484375 0.05625 0.1125
1 0.6390625 0.37265625 0.0625 0.0828125
0 0.59140625 0.37890625 0.0359375 0.0453125
1 0.3 0.409375 0.059375 0.078125
0 0.49140625 0.41015625 0.0390625 0.0453125
1 0.69609375 0.43125 0.0828125 0.09375
0 0.50078125 0.45859375 0.0484375 0.0546875
1 0.64375 0.47421875 0.096875 0.1359375
0 0.340625 0.484375 0.053125 0.0625
0 0.52578125 0.546875 0.0703125 0.0875
1 0.8015625 0.70546875 0.28125 0.4234375
0 0.5890625 0.73359375 0.103125 0.1921875