1 0.2609375 0.36640625 0.040625 0.0578125
0 0.3859375 0.37890625 0.03125 0.0421875
0 0.48125 0.38046875 0.034375 0.0484375
0 0.6546875 0.38984375 0.0375 0.0421875
1 0.23359375 0.39375 0.0515625 0.06875
0 0.6125 0.403125 0.0375 0.05
0 0.5609375 0.409375 0.040625 0.0625
0 0.66484375 0.44609375 0.0546875 0.0671875
1 0.24609375 0.45 0.0734375 0.109375
0 0.34921875 0.48203125 0.0546875 0.0640625
0 0.146875 0.4859375 0.059375 0.0875
0 0.5125 0.496875 0.05625 0.08125
1 0.1984375 0.525 0.09375 0.15
0 0.6484375 0.565625 0.071875 0.0875
1 0.8140625 0.578125 0.19375 0.190625
0 0.30625 0.603125 0.078125 0.0875
0 0.55625 0.60859375 0.08125 0.1078125
0 0.0375 0.684375 0.075 0.140625
0 0.7859375 0.734375 0.125 0.134375
0 0.2484375 0.7640625 0.125 0.14375