0 0.3875 0.34375 0.028125 0.0375
0 0.3671875 0.37265625 0.0375 0.0421875
1 0.6265625 0.37265625 0.071875 0.1296875
1 0.25234375 0.3765625 0.0453125 0.06875
1 0.55390625 0.3859375 0.0484375 0.0875
0 0.28828125 0.41640625 0.0890625 0.1203125
0 0.48984375 0.425 0.0421875 0.06875
0 0.5703125 0.425 0.03125 0.053125
1 0.66328125 0.425 0.0734375 0.115625
0 0.59453125 0.45234375 0.0453125 0.0703125
0 0.50078125 0.459375 0.0453125 0.065625
0 0.35546875 0.478125 0.0515625 0.0625
0 0.51484375 0.48984375 0.0578125 0.0796875
1 0.62421875 0.50859375 0.0609375 0.1296875
1 0.7703125 0.509375 0.103125 0.165625
0 0.53125 0.5296875 0.059375 0.075
1 0.66640625 0.546875 0.1078125 0.203125
0 0.271875 0.54765625 0.06875 0.0921875
0 0.56015625 0.575 0.0671875 0.103125
1 0.5328125 0.625 0.078125 0.153125
1 0.75546875 0.65234375 0.0828125 0.1546875
1 0.85546875 0.73359375 0.2203125 0.3921875
0 0.57734375 0.740625 0.1109375 0.178125
0 0.61328125 0.853125 0.1328125 0.2
0 0.63984375 0.95 0.1546875 0.1