1 0.303125 0.33125 0.059375 0.09375
1 0.321875 0.353125 0.071875 0.065625
1 0.2984375 0.39921875 0.071875 0.1140625
0 0.4953125 0.41875 0.046875 0.046875
0 0.35625 0.446875 0.065625 0.084375
0 0.503125 0.4625 0.053125 0.078125
0 0.52578125 0.49609375 0.0703125 0.0796875
0 0.73046875 0.50546875 0.0453125 0.0859375
1 0.65625 0.52109375 0.14375 0.2578125
1 0.16015625 0.52734375 0.2328125 0.3078125
0 0.5375 0.540625 0.09375 0.103125
1 0.88515625 0.56953125 0.2296875 0.3140625
1 0.56640625 0.6421875 0.1203125 0.1375
0 0.27734375 0.6890625 0.1015625 0.16875
1 0.84609375 0.7625 0.3078125 0.440625
0 0.628125 0.8453125 0.1625 0.25625