1 0.5546875 0.38671875 0.046875 0.0734375
0 0.49453125 0.39765625 0.0359375 0.0328125
0 0.3671875 0.4015625 0.0375 0.04375
0 0.62421875 0.4046875 0.0609375 0.05
0 0.48984375 0.41640625 0.0328125 0.0421875
0 0.57265625 0.421875 0.0390625 0.046875
0 0.29296875 0.428125 0.0484375 0.05625
0 0.4984375 0.42890625 0.0375 0.0328125
0 0.50390625 0.46640625 0.0453125 0.0703125
1 0.7390625 0.47578125 0.13125 0.1515625
0 0.340625 0.478125 0.05 0.071875
1 0.0890625 0.5 0.134375 0.16875
0 0.246875 0.503125 0.05625 0.06875
0 0.6375 0.53125 0.075 0.0875
0 0.52109375 0.53828125 0.0578125 0.0859375
0 0.86015625 0.55 0.0796875 0.08125
1 0.81640625 0.60625 0.0984375 0.109375
0 0.56015625 0.62265625 0.0796875 0.1046875
0 0.12734375 0.675 0.0953125 0.1125
0 0.92265625 0.721875 0.1234375 0.134375
0 0.78203125 0.74609375 0.1234375 0.1703125
0 0.65390625 0.834375 0.1328125 0.2