1 0.54375 0.315625 0.028125 0.065625
0 0.3984375 0.32109375 0.01875 0.0296875
0 0.5765625 0.32890625 0.0125 0.0296875
1 0.5125 0.33203125 0.034375 0.0484375
1 0.29375 0.334375 0.04375 0.08125
0 0.46953125 0.33671875 0.0203125 0.0390625
0 0.3890625 0.34609375 0.025 0.0296875
1 0.3328125 0.35 0.05 0.08125
0 0.596875 0.35 0.025 0.034375
0 0.478125 0.3671875 0.03125 0.0375
0 0.38125 0.371875 0.034375 0.0375
0 0.6671875 0.384375 0.05 0.0375
1 0.62421875 0.39453125 0.0296875 0.0640625
0 0.5015625 0.41328125 0.03125 0.0515625
0 0.2265625 0.41953125 0.040625 0.0734375
0 0.36015625 0.43515625 0.0484375 0.0578125
1 0.6734375 0.43984375 0.071875 0.1046875
0 0.29453125 0.44609375 0.0484375 0.0421875
0 0.5875 0.44765625 0.040625 0.0796875
0 0.1671875 0.465625 0.0625 0.075
0 0.51171875 0.48125 0.0484375 0.09375
0 0.765625 0.4890625 0.05625 0.06875
0 0.34921875 0.49921875 0.0390625 0.0765625
0 0.23828125 0.5125 0.0609375 0.078125
0 0.67578125 0.57578125 0.0828125 0.1234375
0 0.02890625 0.6375 0.0578125 0.115625
0 0.2390625 0.69453125 0.096875 0.1359375
0 0.58125 0.70703125 0.103125 0.1640625
0 0.9625 0.76875 0.075 0.159375
1 0.85859375 0.80078125 0.2171875 0.3765625
1 0.0328125 0.8640625 0.065625 0.271875