1 0.5171875 0.33671875 0.04375 0.0734375
0 0.4703125 0.340625 0.034375 0.04375
1 0.26875 0.35703125 0.071875 0.0984375
0 0.4796875 0.3875 0.0375 0.065625
0 0.6140625 0.4125 0.04375 0.071875
0 0.571875 0.43515625 0.0625 0.0796875
0 0.65625 0.4375 0.053125 0.05
0 0.51328125 0.46015625 0.0546875 0.0703125
0 0.52421875 0.49375 0.0765625 0.0625
1 0.76328125 0.503125 0.1546875 0.20625
0 0.621875 0.5046875 0.06875 0.0875
0 0.5359375 0.53359375 0.065625 0.0921875
1 0.6890625 0.5875 0.11875 0.171875
0 0.5609375 0.6203125 0.09375 0.10625
0 0.60703125 0.74453125 0.1265625 0.1234375
0 0.97734375 0.89453125 0.0453125 0.1859375
0 0.6890625 0.90625 0.203125 0.1875