0 0.61640625 0.378125 0.0390625 0.040625
1 0.5546875 0.38671875 0.046875 0.0734375
0 0.3671875 0.39375 0.0375 0.04375
0 0.49453125 0.39765625 0.0359375 0.0328125
0 0.30859375 0.4125 0.0484375 0.05625
0 0.62578125 0.4125 0.0609375 0.05
0 0.48984375 0.41640625 0.0328125 0.0421875
0 0.57265625 0.421875 0.0390625 0.046875
0 0.4984375 0.42890625 0.0375 0.0328125
0 0.35078125 0.45234375 0.0484375 0.0671875
0 0.50703125 0.46640625 0.0453125 0.0703125
0 0.265625 0.46875 0.05625 0.06875
1 0.12265625 0.46875 0.1140625 0.14375
1 0.7515625 0.48828125 0.13125 0.1515625
0 0.6453125 0.53515625 0.075 0.0953125
0 0.52578125 0.54375 0.0671875 0.096875
0 0.90390625 0.58125 0.0859375 0.090625
0 0.18515625 0.59296875 0.0828125 0.0859375
1 0.82265625 0.60859375 0.0984375 0.1078125
0 0.56796875 0.63359375 0.0796875 0.1046875
0 0.94296875 0.74140625 0.1140625 0.1328125
0 0.80859375 0.7765625 0.1296875 0.18125
0 0.66875 0.86953125 0.140625 0.2140625