1 0.4671875 0.328125 0.040625 0.0625
1 0.51875 0.3390625 0.040625 0.06875
1 0.28984375 0.340625 0.0546875 0.071875
0 0.38828125 0.35078125 0.0328125 0.0359375
1 0.6 0.35703125 0.04375 0.0484375
0 0.47734375 0.3625 0.0359375 0.034375
1 0.54375 0.36953125 0.05625 0.0890625
0 0.49140625 0.3921875 0.0328125 0.025
1 0.66015625 0.396875 0.0953125 0.11875
0 0.49765625 0.41875 0.0390625 0.03125
0 0.55234375 0.434375 0.0234375 0.053125
0 0.35390625 0.45 0.0578125 0.071875
0 0.50546875 0.46796875 0.0578125 0.0734375
1 0.62734375 0.484375 0.1203125 0.203125
0 0.709375 0.49375 0.04375 0.06875
0 0.5234375 0.5234375 0.075 0.0875
0 0.55546875 0.63125 0.0921875 0.115625
1 0.8546875 0.7296875 0.290625 0.4625
0 0.6140625 0.82890625 0.140625 0.2078125