1 0.3890625 0.34765625 0.0375 0.0453125
1 0.31640625 0.35390625 0.0390625 0.0578125
1 0.62421875 0.38203125 0.0671875 0.0984375
0 0.31171875 0.39375 0.0390625 0.059375
0 0.3796875 0.39609375 0.046875 0.0546875
1 0.23515625 0.3953125 0.0859375 0.08125
0 0.58125 0.43671875 0.05 0.0640625
1 0.77109375 0.503125 0.1171875 0.1625
1 0.21875 0.50703125 0.153125 0.1890625
1 0.61796875 0.509375 0.0671875 0.134375
0 0.33984375 0.528125 0.0703125 0.10625
1 0.67265625 0.55859375 0.1203125 0.2078125
0 0.51796875 0.57265625 0.0734375 0.1078125
1 0.93203125 0.58046875 0.1359375 0.2109375
0 0.55546875 0.621875 0.0984375 0.1125
1 0.859375 0.7125 0.24375 0.340625
0 0.5671875 0.71328125 0.1375 0.1765625
1 0.915625 0.84375 0.16875 0.3125
0 0.72734375 0.86953125 0.1953125 0.2609375
0 0.6171875 0.953125 0.146875 0.09375