1 0.46875 0.325 0.040625 0.0625
1 0.28984375 0.340625 0.0546875 0.071875
1 0.52421875 0.3453125 0.0515625 0.08125
0 0.475 0.36171875 0.034375 0.0359375
0 0.48359375 0.38125 0.0359375 0.034375
1 0.553125 0.38125 0.06875 0.109375
1 0.6140625 0.38125 0.04375 0.078125
0 0.640625 0.42421875 0.04375 0.0515625
0 0.49140625 0.425 0.0390625 0.053125
0 0.50546875 0.4484375 0.0390625 0.0375
1 0.72578125 0.4625 0.1265625 0.19375
0 0.596875 0.47578125 0.059375 0.0734375
0 0.79921875 0.48828125 0.0328125 0.0640625
0 0.51328125 0.50703125 0.0546875 0.0890625
0 0.2078125 0.55546875 0.075 0.0890625
0 0.64765625 0.56328125 0.0765625 0.1109375
0 0.53671875 0.584375 0.0765625 0.1125
1 0.86953125 0.78515625 0.2609375 0.4296875
0 0.66171875 0.9109375 0.1609375 0.178125
0 0.17265625 0.91640625 0.1734375 0.1671875