1 0.3234375 0.359375 0.05 0.078125
0 0.38203125 0.37265625 0.0328125 0.0328125
0 0.55078125 0.3875 0.0359375 0.053125
0 0.37109375 0.409375 0.0328125 0.040625
0 0.49765625 0.41953125 0.0421875 0.0609375
1 0.584375 0.4265625 0.04375 0.06875
0 0.2859375 0.428125 0.040625 0.053125
1 0.20078125 0.4375 0.0703125 0.090625
0 0.509375 0.47109375 0.046875 0.0703125
1 0.12421875 0.48125 0.0984375 0.14375
0 0.34453125 0.49609375 0.0640625 0.0703125
1 0.73359375 0.49765625 0.0703125 0.1078125
1 0.68203125 0.52890625 0.1640625 0.2703125
1 0.215625 0.54140625 0.071875 0.0921875
1 0.5796875 0.596875 0.1625 0.2875
1 0.85078125 0.6 0.1265625 0.184375
0 0.30625 0.6140625 0.084375 0.10625
1 0.08359375 0.64453125 0.1640625 0.1859375