1 0.628125 0.396875 0.071875 0.10625
0 0.36171875 0.41015625 0.0421875 0.0546875
1 0.58671875 0.42265625 0.0671875 0.1203125
0 0.49765625 0.428125 0.0421875 0.05625
1 0.73515625 0.48125 0.1390625 0.2
0 0.51640625 0.49375 0.0578125 0.084375
0 0.640625 0.5265625 0.071875 0.09375
1 0.21953125 0.58515625 0.0890625 0.0921875
0 0.55546875 0.59921875 0.0828125 0.1234375
0 0.7 0.61875 0.1 0.121875
0 0.9484375 0.621875 0.103125 0.109375
1 0.853125 0.7703125 0.175 0.30625
0 0.64609375 0.77890625 0.1359375 0.2078125