1 0.6046875 0.353125 0.053125 0.096875
1 0.54921875 0.371875 0.0671875 0.1
1 0.3203125 0.378125 0.04375 0.05
0 0.4828125 0.384375 0.0375 0.05
1 0.22265625 0.38671875 0.0765625 0.0984375
0 0.3609375 0.42265625 0.040625 0.0546875
0 0.284375 0.43359375 0.046875 0.0578125
0 0.49921875 0.4625 0.0484375 0.078125
1 0.65859375 0.50078125 0.1171875 0.2234375
1 0.2109375 0.51875 0.10625 0.15
1 0.88046875 0.6234375 0.1921875 0.2
0 0.2875 0.68203125 0.109375 0.1265625
1 0.82890625 0.69921875 0.1734375 0.3140625
0 0.57890625 0.70234375 0.0953125 0.1546875
0 0.05625 0.83671875 0.1125 0.1765625