1 0.3421875 0.29375 0.028125 0.046875
0 0.4078125 0.2953125 0.021875 0.03125
1 0.58046875 0.31015625 0.0578125 0.0671875
0 0.36875 0.31484375 0.034375 0.0453125
0 0.3890625 0.33984375 0.03125 0.0421875
1 0.521875 0.34765625 0.053125 0.0671875
0 0.4796875 0.3625 0.034375 0.03125
0 0.48125 0.3796875 0.034375 0.0375
0 0.48671875 0.41015625 0.0421875 0.0578125
1 0.59296875 0.41875 0.1046875 0.184375
0 0.65078125 0.43984375 0.0484375 0.0703125
1 0.734375 0.465625 0.1375 0.190625
0 0.5125 0.49140625 0.059375 0.0828125
0 0.3078125 0.525 0.08125 0.1125
1 0.04453125 0.5703125 0.0890625 0.15625
0 0.55859375 0.628125 0.0984375 0.134375
1 0.9078125 0.646875 0.184375 0.2375
0 0.10625 0.70703125 0.13125 0.1640625
0 0.6453125 0.8875 0.1625 0.225