1 0.33046875 0.296875 0.0328125 0.040625
1 0.3671875 0.31328125 0.028125 0.0515625
0 0.390625 0.3484375 0.025 0.0375
1 0.29140625 0.38203125 0.0765625 0.1484375
0 0.36640625 0.403125 0.0359375 0.065625
0 0.50546875 0.46875 0.0515625 0.059375
0 0.5171875 0.50703125 0.065625 0.0515625
0 0.8078125 0.56484375 0.071875 0.0953125
0 0.53984375 0.56796875 0.0890625 0.1109375
1 0.70546875 0.575 0.1703125 0.3125
1 0.10703125 0.65078125 0.2140625 0.2234375
0 0.5703125 0.690625 0.109375 0.1625
1 0.88515625 0.8171875 0.2296875 0.365625