1 0.54375 0.36953125 0.05625 0.0890625
0 0.4796875 0.384375 0.03125 0.0375
1 0.23125 0.38671875 0.084375 0.1140625
0 0.37421875 0.396875 0.0359375 0.05
1 0.66015625 0.396875 0.0953125 0.11875
0 0.49296875 0.4078125 0.0390625 0.03125
0 0.50078125 0.45234375 0.0515625 0.0546875
1 0.61796875 0.465625 0.1109375 0.175
0 0.52265625 0.503125 0.0609375 0.059375
0 0.53671875 0.571875 0.0671875 0.08125
0 0.85 0.590625 0.071875 0.115625
1 0.76953125 0.62890625 0.2109375 0.3578125
0 0.56953125 0.6828125 0.1015625 0.14375