0 0.578125 0.359375 0.034375 0.053125
0 0.53359375 0.371875 0.0296875 0.040625
0 0.5984375 0.38359375 0.034375 0.0421875
1 0.6359375 0.39609375 0.04375 0.0578125
0 0.5609375 0.415625 0.0375 0.053125
0 0.490625 0.41875 0.0375 0.053125
1 0.7265625 0.459375 0.140625 0.209375
0 0.515625 0.47421875 0.059375 0.0765625
1 0.62890625 0.484375 0.1078125 0.140625
1 0.07421875 0.521875 0.1203125 0.125
0 0.55234375 0.60078125 0.0765625 0.1265625
0 0.91171875 0.71171875 0.1296875 0.1234375
0 0.603125 0.7875 0.115625 0.19375
0 0.84140625 0.85625 0.1484375 0.1625