1 0.35625 0.3046875 0.03125 0.0625
1 0.32265625 0.31796875 0.0265625 0.0515625
0 0.340625 0.35625 0.025 0.046875
1 0.6 0.36640625 0.065625 0.1046875
0 0.5578125 0.39375 0.034375 0.046875
1 0.6703125 0.4296875 0.075 0.125
0 0.565625 0.44140625 0.034375 0.0671875
1 0.6 0.465625 0.05625 0.1
1 0.2328125 0.4859375 0.1375 0.2
1 0.646875 0.5 0.090625 0.159375
0 0.50390625 0.503125 0.0609375 0.065625
1 0.82734375 0.51015625 0.2015625 0.2046875
0 0.52734375 0.55703125 0.0609375 0.0890625
0 0.2953125 0.62578125 0.096875 0.1140625
1 0.7296875 0.62890625 0.053125 0.1421875
0 0.5453125 0.63203125 0.08125 0.1234375
1 0.84296875 0.684375 0.2265625 0.321875
0 0.66796875 0.71640625 0.1046875 0.2046875
1 0.91015625 0.821875 0.1796875 0.35625
0 0.5859375 0.9015625 0.134375 0.196875