1 0.3375 0.2984375 0.028125 0.05
0 0.37265625 0.30625 0.0265625 0.0375
0 0.46640625 0.334375 0.0265625 0.046875
1 0.32265625 0.34375 0.0421875 0.059375
0 0.353125 0.34375 0.025 0.05
0 0.47578125 0.36171875 0.0328125 0.0640625
1 0.5890625 0.36484375 0.040625 0.0828125
1 0.5484375 0.38125 0.053125 0.0875
0 0.61796875 0.39140625 0.0453125 0.0703125
1 0.30625 0.39375 0.046875 0.05
0 0.48671875 0.4140625 0.0359375 0.06875
0 0.5109375 0.428125 0.040625 0.05625
1 0.65703125 0.43046875 0.0515625 0.0859375
0 0.5046875 0.453125 0.04375 0.065625
0 0.51171875 0.49375 0.0484375 0.090625
0 0.66015625 0.55 0.0796875 0.13125
0 0.54140625 0.553125 0.0703125 0.1
0 0.540625 0.625 0.06875 0.14375
0 0.82578125 0.67578125 0.2671875 0.3859375
0 0.58515625 0.6875 0.0984375 0.1625
0 0.6265625 0.82734375 0.13125 0.2171875