0 0.3515625 0.340625 0.034375 0.05625
0 0.59609375 0.35078125 0.0328125 0.0390625
0 0.38671875 0.353125 0.0296875 0.04375
0 0.47421875 0.36875 0.0453125 0.046875
0 0.634375 0.38125 0.0375 0.05625
1 0.54453125 0.38203125 0.0703125 0.0984375
0 0.31875 0.384375 0.0375 0.05625
1 0.2609375 0.3875 0.05 0.071875
0 0.61640625 0.40546875 0.0515625 0.0609375
0 0.36875 0.415625 0.04375 0.075
0 0.7203125 0.4453125 0.078125 0.09375
0 0.2796875 0.45390625 0.0625 0.0578125
0 0.49375 0.45390625 0.05625 0.0828125
0 0.6046875 0.4921875 0.075 0.1
0 0.3125 0.53515625 0.084375 0.0953125
0 0.77109375 0.5625 0.1078125 0.121875
1 0.92890625 0.59296875 0.1421875 0.1984375
1 0.84765625 0.79609375 0.1921875 0.2953125
0 0.64921875 0.86015625 0.1765625 0.2171875