0 0.4703125 0.35546875 0.025 0.0390625
0 0.59609375 0.38359375 0.0265625 0.0421875
1 0.228125 0.38984375 0.08125 0.1046875
0 0.55 0.39375 0.0375 0.046875
0 0.621875 0.403125 0.028125 0.046875
0 0.496875 0.43125 0.04375 0.065625
0 0.57578125 0.43828125 0.0546875 0.0640625
1 0.69296875 0.45 0.1203125 0.165625
0 0.51796875 0.471875 0.0515625 0.059375
0 0.6171875 0.48828125 0.075 0.1140625
0 0.53125 0.51640625 0.06875 0.0828125
0 0.5484375 0.58984375 0.075 0.1078125
0 0.75234375 0.64765625 0.1109375 0.1296875
0 0.5890625 0.70703125 0.10625 0.1359375
0 0.66484375 0.878125 0.1671875 0.24375
1 0.92421875 0.8921875 0.1515625 0.215625