0 0.29765625 0.3375 0.0328125 0.046875
1 0.33828125 0.34453125 0.0296875 0.0515625
0 0.38046875 0.35703125 0.0296875 0.0359375
1 0.609375 0.3625 0.059375 0.103125
1 0.553125 0.371875 0.059375 0.103125
1 0.49140625 0.38359375 0.0703125 0.1078125
0 0.71328125 0.434375 0.0453125 0.053125
0 0.665625 0.446875 0.053125 0.08125
0 0.35234375 0.46953125 0.0515625 0.0609375
1 0.24921875 0.47890625 0.0859375 0.0953125
1 0.10859375 0.51171875 0.1453125 0.1734375
0 0.54296875 0.58828125 0.0765625 0.1109375
1 0.15234375 0.61875 0.1296875 0.19375
1 0.90390625 0.66328125 0.1921875 0.3359375
1 0.77890625 0.684375 0.2515625 0.41875
0 0.29375 0.715625 0.1 0.121875