0 0.4875 0.3953125 0.034375 0.04375
1 0.27421875 0.39921875 0.0859375 0.1265625
0 0.37421875 0.40703125 0.0390625 0.0515625
1 0.6546875 0.415625 0.09375 0.121875
1 0.2046875 0.41875 0.059375 0.065625
0 0.565625 0.4234375 0.040625 0.05
0 0.50078125 0.440625 0.0453125 0.059375
1 0.146875 0.471875 0.075 0.1
0 0.6109375 0.48515625 0.05625 0.0671875
0 0.66640625 0.55625 0.0796875 0.10625
1 0.05390625 0.56484375 0.1078125 0.1578125
0 0.56875 0.675 0.09375 0.15
0 0.271875 0.75078125 0.1125 0.1390625
1 0.95078125 0.77734375 0.0984375 0.2703125
0 0.828125 0.88984375 0.159375 0.2046875