0 0.37265625 0.3125 0.0296875 0.040625
0 0.38515625 0.33046875 0.0328125 0.0359375
0 0.478125 0.365625 0.0375 0.028125
0 0.32734375 0.36953125 0.0453125 0.0984375
0 0.48046875 0.38828125 0.0390625 0.0359375
0 0.490625 0.39765625 0.053125 0.0296875
1 0.58515625 0.40390625 0.1078125 0.1328125
1 0.6671875 0.409375 0.09375 0.134375
0 0.49453125 0.4265625 0.0453125 0.05625
1 0.290625 0.44140625 0.1 0.1171875
0 0.5171875 0.44765625 0.065625 0.0453125
0 0.7859375 0.4796875 0.075 0.0875
0 0.51875 0.48984375 0.06875 0.0671875
1 0.65390625 0.50703125 0.1359375 0.1859375
1 0.06796875 0.55390625 0.1359375 0.2203125
0 0.54453125 0.5640625 0.1015625 0.10625
0 0.31796875 0.59453125 0.1203125 0.1359375
0 0.57109375 0.678125 0.1359375 0.125
1 0.08125 0.73203125 0.1625 0.2390625
1 0.83515625 0.734375 0.3265625 0.525
0 0.59921875 0.83125 0.1546875 0.2125
0 0.66484375 0.9375 0.1609375 0.125