0 0.36953125 0.321875 0.0234375 0.0375
0 0.571875 0.346875 0.034375 0.040625
0 0.3375 0.359375 0.03125 0.0375
0 0.58046875 0.36328125 0.0296875 0.0265625
0 0.52421875 0.365625 0.0296875 0.040625
0 0.3859375 0.36875 0.03125 0.034375
0 0.61015625 0.36953125 0.0328125 0.0484375
0 0.4859375 0.390625 0.0375 0.04375
0 0.5515625 0.390625 0.034375 0.046875
0 0.33125 0.41171875 0.040625 0.0484375
1 0.684375 0.41796875 0.109375 0.1765625
1 0.59453125 0.440625 0.0765625 0.1125
0 0.50703125 0.440625 0.0515625 0.065625
0 0.52265625 0.525 0.0640625 0.09375
0 0.8265625 0.61953125 0.103125 0.1015625
0 0.56328125 0.65625 0.0859375 0.128125
0 0.72265625 0.6625 0.0953125 0.1125