1 0.34609375 0.33984375 0.0328125 0.0453125
0 0.3859375 0.3515625 0.028125 0.03125
1 0.54375 0.36484375 0.053125 0.0828125
1 0.65 0.396875 0.08125 0.115625
0 0.490625 0.4 0.040625 0.04375
1 0.55625 0.41796875 0.028125 0.0734375
1 0.596875 0.43203125 0.071875 0.1359375
0 0.5 0.434375 0.0375 0.05
0 0.7375 0.45234375 0.0625 0.0671875
0 0.51796875 0.49375 0.0578125 0.075
1 0.6703125 0.53671875 0.1 0.1765625
0 0.07890625 0.571875 0.0921875 0.0875
1 0.86640625 0.6359375 0.2640625 0.25
0 0.2859375 0.66015625 0.09375 0.1171875
0 0.6015625 0.71171875 0.10625 0.1484375