1 0.55078125 0.38828125 0.0453125 0.0890625
1 0.63828125 0.39140625 0.0796875 0.0828125
1 0.3015625 0.39296875 0.0625 0.0859375
0 0.49453125 0.39921875 0.0359375 0.0390625
0 0.56875 0.4234375 0.028125 0.05
0 0.49921875 0.4375 0.0390625 0.046875
0 0.5953125 0.453125 0.040625 0.06875
0 0.5046875 0.4640625 0.0375 0.05625
0 0.5203125 0.4890625 0.05625 0.05625
0 0.52109375 0.496875 0.0546875 0.090625
1 0.809375 0.503125 0.2125 0.2625
1 0.62109375 0.51015625 0.0703125 0.1421875
0 0.53125 0.528125 0.05 0.065625
1 0.6671875 0.553125 0.10625 0.196875
0 0.55859375 0.58125 0.0640625 0.115625
0 0.53359375 0.62890625 0.0765625 0.1546875
1 0.7546875 0.6578125 0.071875 0.15625
0 0.5828125 0.74375 0.10625 0.171875
1 0.88046875 0.771875 0.2265625 0.425
0 0.05859375 0.8109375 0.1171875 0.1625
0 0.62265625 0.89140625 0.1390625 0.2171875