1 0.546875 0.365625 0.0625 0.090625
0 0.4796875 0.36875 0.034375 0.0375
0 0.48046875 0.3953125 0.0328125 0.04375
0 0.48828125 0.4078125 0.0328125 0.03125
0 0.553125 0.4140625 0.040625 0.04375
0 0.49765625 0.434375 0.0515625 0.05625
0 0.56484375 0.44375 0.0359375 0.059375
0 0.50859375 0.47890625 0.0515625 0.0828125
1 0.646875 0.51328125 0.125 0.2140625
0 0.72890625 0.51796875 0.0546875 0.0859375
0 0.53359375 0.55703125 0.0765625 0.0984375
0 0.2625 0.66328125 0.1 0.1234375
0 0.5703125 0.6734375 0.103125 0.125
1 0.8734375 0.76953125 0.253125 0.4609375