1 0.2203125 0.37578125 0.065625 0.0765625
1 0.28828125 0.38203125 0.0796875 0.1140625
0 0.48828125 0.40078125 0.0359375 0.0484375
0 0.5734375 0.425 0.040625 0.05625
1 0.215625 0.46875 0.128125 0.18125
0 0.60703125 0.46875 0.0546875 0.071875
1 0.11171875 0.50625 0.0921875 0.109375
0 0.52421875 0.515625 0.0578125 0.084375
0 0.3328125 0.53828125 0.065625 0.0890625
1 0.8 0.57890625 0.11875 0.1578125
0 0.6765625 0.61953125 0.084375 0.1015625
0 0.58046875 0.67421875 0.0984375 0.1515625
1 0.828125 0.78515625 0.196875 0.2578125