1 0.3328125 0.30625 0.03125 0.046875
1 0.3609375 0.321875 0.03125 0.053125
1 0.57890625 0.32421875 0.0546875 0.0609375
1 0.396875 0.3328125 0.021875 0.03125
1 0.52890625 0.3578125 0.0546875 0.09375
1 0.596875 0.36328125 0.059375 0.0765625
1 0.27578125 0.37578125 0.0484375 0.0734375
1 0.55546875 0.390625 0.0484375 0.09375
1 0.640625 0.403125 0.059375 0.090625
0 0.4921875 0.40390625 0.034375 0.0171875
0 0.57109375 0.425 0.0390625 0.046875
0 0.50234375 0.42578125 0.0359375 0.0265625
1 0.690625 0.43515625 0.08125 0.1203125
0 0.59375 0.43671875 0.040625 0.0484375
0 0.50546875 0.4484375 0.0359375 0.025
0 0.5109375 0.46171875 0.034375 0.0234375
1 0.33828125 0.46015625 0.0703125 0.1046875
1 0.24453125 0.47109375 0.0578125 0.0828125
1 0.515625 0.5078125 0.0625 0.09375
1 0.62265625 0.515625 0.0640625 0.134375
1 0.7953125 0.54453125 0.121875 0.0890625
1 0.6703125 0.546875 0.109375 0.2
0 0.53984375 0.609375 0.0765625 0.115625
1 0.94140625 0.615625 0.1171875 0.128125
1 0.75 0.634375 0.084375 0.1375
1 0.8515625 0.703125 0.228125 0.34375
0 0.5828125 0.74296875 0.103125 0.1734375
1 0.91953125 0.8453125 0.1609375 0.309375
0 0.6421875 0.93515625 0.1375 0.1296875