0 0.3296875 0.32421875 0.025 0.0390625
0 0.3640625 0.32578125 0.025 0.0359375
0 0.3890625 0.3375 0.028125 0.04375
1 0.60703125 0.34765625 0.0828125 0.0953125
1 0.55390625 0.384375 0.0484375 0.075
0 0.4828125 0.3953125 0.046875 0.05625
0 0.49296875 0.42421875 0.0453125 0.0609375
0 0.57421875 0.42421875 0.0515625 0.0515625
0 0.5953125 0.44765625 0.04375 0.0578125
0 0.5078125 0.46953125 0.053125 0.0734375
1 0.728125 0.46953125 0.09375 0.1265625
1 0.7984375 0.503125 0.125 0.10625
1 0.6203125 0.50546875 0.071875 0.1359375
0 0.5234375 0.515625 0.065625 0.08125
0 0.31015625 0.53671875 0.0765625 0.1140625
1 0.665625 0.553125 0.09375 0.190625
0 0.5578125 0.571875 0.065625 0.1125
1 0.53046875 0.61328125 0.0828125 0.1359375
1 0.7390625 0.63203125 0.04375 0.1390625
1 0.85625 0.696875 0.234375 0.3125
0 0.57421875 0.71171875 0.1140625 0.1390625
0 0.6171875 0.84140625 0.140625 0.1546875
1 0.921875 0.846875 0.15625 0.30625
0 0.6359375 0.946875 0.1375 0.10625