1 0.34609375 0.3375 0.0390625 0.06875
0 0.50859375 0.35 0.0265625 0.040625
0 0.38203125 0.35625 0.0359375 0.040625
0 0.484375 0.36328125 0.03125 0.0484375
1 0.225 0.39296875 0.078125 0.0890625
1 0.29296875 0.39609375 0.0828125 0.1171875
1 0.128125 0.47890625 0.15625 0.1546875
0 0.33515625 0.503125 0.0609375 0.090625
0 0.5921875 0.503125 0.05625 0.084375
0 0.53515625 0.565625 0.0765625 0.121875
1 0.09453125 0.73125 0.1890625 0.4125
0 0.24609375 0.765625 0.1234375 0.15625
0 0.81640625 0.79375 0.1484375 0.221875