1 0.2671875 0.340625 0.059375 0.0625
0 0.3859375 0.37421875 0.03125 0.0390625
1 0.19375 0.39765625 0.071875 0.0828125
0 0.56015625 0.403125 0.0359375 0.040625
1 0.27109375 0.40625 0.0921875 0.134375
0 0.590625 0.43828125 0.046875 0.0609375
0 0.51640625 0.48671875 0.0515625 0.0765625
1 0.16640625 0.5171875 0.1671875 0.225
1 0.74765625 0.52734375 0.0953125 0.1328125
0 0.6390625 0.55546875 0.06875 0.0859375
1 0.04375 0.56640625 0.0875 0.1296875
0 0.5578125 0.59453125 0.075 0.1140625
1 0.74140625 0.66953125 0.1453125 0.1859375
0 0.29140625 0.67109375 0.0984375 0.1296875