1 0.54375 0.35859375 0.0375 0.0703125
0 0.4828125 0.38515625 0.034375 0.0421875
1 0.3 0.4 0.053125 0.09375
0 0.3671875 0.421875 0.04375 0.04375
1 0.6828125 0.425 0.078125 0.14375
0 0.49296875 0.425 0.0390625 0.059375
1 0.603125 0.43671875 0.11875 0.1765625
1 0.140625 0.44453125 0.1625 0.2015625
0 0.5125 0.48046875 0.05 0.0734375
0 0.25078125 0.4875 0.0578125 0.059375
0 0.3359375 0.496875 0.053125 0.06875
1 0.11484375 0.63359375 0.1078125 0.1171875
0 0.5859375 0.7453125 0.109375 0.16875
0 0.0359375 0.9109375 0.071875 0.1625
1 0.1875 0.9140625 0.21875 0.171875