1 0.3203125 0.3625 0.0375 0.065625
0 0.3765625 0.39765625 0.040625 0.0453125
1 0.66640625 0.41640625 0.0765625 0.1046875
0 0.5890625 0.44140625 0.046875 0.0671875
0 0.5046875 0.453125 0.040625 0.05
1 0.51328125 0.5 0.0671875 0.090625
1 0.61796875 0.50703125 0.0546875 0.1265625
1 0.76484375 0.51875 0.0703125 0.109375
1 0.68046875 0.565625 0.1140625 0.184375
0 0.51328125 0.56875 0.0734375 0.109375
1 0.890625 0.57578125 0.159375 0.1734375
1 0.7296875 0.6375 0.05 0.1625
0 0.5578125 0.65546875 0.090625 0.1515625
1 0.85859375 0.71640625 0.2078125 0.3546875
1 0.92734375 0.84453125 0.1453125 0.3109375
0 0.62109375 0.8953125 0.1609375 0.209375