0 0.3921875 0.31875 0.021875 0.028125
1 0.33828125 0.33125 0.0453125 0.084375
0 0.3890625 0.35390625 0.028125 0.0421875
0 0.384375 0.36640625 0.0375 0.0421875
0 0.61796875 0.37578125 0.0703125 0.1109375
1 0.55234375 0.3875 0.0515625 0.090625
0 0.49375 0.403125 0.0375 0.05
0 0.23515625 0.409375 0.0421875 0.046875
0 0.571875 0.42421875 0.034375 0.0515625
0 0.59453125 0.453125 0.0453125 0.075
0 0.5046875 0.46484375 0.046875 0.0671875
0 0.21171875 0.4796875 0.0578125 0.0625
1 0.76875 0.49296875 0.175 0.2609375
0 0.51640625 0.49765625 0.0609375 0.0828125
1 0.6234375 0.5125 0.071875 0.13125
0 0.53203125 0.53125 0.0578125 0.0875
1 0.6703125 0.54375 0.109375 0.209375
1 0.89375 0.62734375 0.18125 0.2671875
0 0.53828125 0.63515625 0.0890625 0.1671875
0 0.58046875 0.73984375 0.1078125 0.1703125
1 0.8578125 0.75390625 0.225 0.4296875
0 0.61328125 0.86328125 0.1421875 0.2234375
0 0.6421875 0.9484375 0.15 0.103125