1 0.39140625 0.340625 0.0328125 0.04375
1 0.31875 0.3484375 0.046875 0.0625
0 0.38125 0.38515625 0.04375 0.0546875
1 0.246875 0.38828125 0.1 0.1015625
0 0.3140625 0.39375 0.04375 0.05
0 0.5875 0.43828125 0.053125 0.0734375
0 0.684375 0.453125 0.06875 0.0875
0 0.51328125 0.48984375 0.0734375 0.0921875
1 0.7703125 0.496875 0.128125 0.1375
1 0.22265625 0.49921875 0.1765625 0.1734375
0 0.84140625 0.5046875 0.0515625 0.1
0 0.3453125 0.5078125 0.071875 0.10625
1 0.61875 0.509375 0.0625 0.13125
1 0.66953125 0.55625 0.1109375 0.203125
0 0.5265625 0.57421875 0.08125 0.1140625
1 0.93984375 0.58125 0.1203125 0.184375
0 0.55859375 0.6203125 0.0828125 0.10625
1 0.75390625 0.6234375 0.0828125 0.1375
0 0.5609375 0.7125 0.090625 0.165625
1 0.87265625 0.7703125 0.2546875 0.459375
0 0.7265625 0.87109375 0.165625 0.2421875
0 0.62265625 0.9625 0.1296875 0.075