1 0.33984375 0.35078125 0.0453125 0.0765625
0 0.29375 0.35859375 0.03125 0.0328125
0 0.27890625 0.36875 0.0328125 0.034375
0 0.48984375 0.37421875 0.0359375 0.0484375
0 0.371875 0.37890625 0.04375 0.0578125
1 0.2921875 0.40625 0.0625 0.08125
0 0.49765625 0.41328125 0.0421875 0.0515625
1 0.20078125 0.4375 0.0578125 0.078125
1 0.6234375 0.45 0.1 0.1875
0 0.3578125 0.465625 0.059375 0.071875
0 0.26875 0.4828125 0.05625 0.06875
0 0.07421875 0.58203125 0.0921875 0.0890625
0 0.56875 0.60703125 0.0875 0.1265625
0 0.30625 0.63125 0.084375 0.096875
1 0.05234375 0.803125 0.1046875 0.3375