1 0.54375 0.36484375 0.053125 0.0828125
0 0.4921875 0.4 0.040625 0.04375
1 0.6609375 0.40546875 0.08125 0.1140625
1 0.56640625 0.42734375 0.0421875 0.0921875
0 0.50390625 0.446875 0.0453125 0.059375
1 0.61640625 0.459375 0.0796875 0.140625
0 0.77578125 0.4859375 0.0671875 0.075
0 0.1421875 0.509375 0.06875 0.078125
0 0.52421875 0.515625 0.0609375 0.090625
0 0.3265625 0.540625 0.065625 0.071875
1 0.69921875 0.58046875 0.1203125 0.2015625
1 0.8875 0.696875 0.225 0.26875
0 0.63671875 0.815625 0.1265625 0.19375