1 0.2390625 0.3640625 0.0625 0.06875
1 0.30078125 0.3703125 0.0671875 0.10625
0 0.55 0.396875 0.0375 0.04375
1 0.62890625 0.396875 0.0765625 0.096875
0 0.49296875 0.4125 0.0359375 0.053125
1 0.2390625 0.4390625 0.109375 0.15625
0 0.584375 0.44375 0.04375 0.05625
1 0.15 0.46953125 0.075 0.0890625
0 0.35234375 0.47890625 0.0546875 0.0703125
0 0.6234375 0.4953125 0.059375 0.08125
1 0.053125 0.5578125 0.10625 0.13125
0 0.53671875 0.5625 0.0671875 0.109375
1 0.8515625 0.628125 0.140625 0.184375
0 0.71328125 0.6828125 0.1046875 0.11875
0 0.60859375 0.7640625 0.1171875 0.18125