1 0.61328125 0.37890625 0.0703125 0.1046875
1 0.56328125 0.39453125 0.0578125 0.1109375
0 0.490625 0.40234375 0.0375 0.0453125
1 0.69140625 0.446875 0.1140625 0.171875
0 0.503125 0.45625 0.053125 0.075
0 0.60234375 0.471875 0.0578125 0.071875
0 0.80625 0.50625 0.078125 0.08125
0 0.32734375 0.50703125 0.0640625 0.0890625
0 0.5296875 0.521875 0.0625 0.090625
0 0.63984375 0.52578125 0.0796875 0.1015625
1 0.72578125 0.609375 0.1171875 0.215625
0 0.58359375 0.62109375 0.0921875 0.1453125
0 0.82578125 0.83203125 0.1640625 0.2109375