0 0.39140625 0.353125 0.0265625 0.0375
1 0.3078125 0.35859375 0.0625 0.0953125
1 0.25546875 0.37421875 0.0421875 0.0515625
0 0.5890625 0.37421875 0.028125 0.0390625
0 0.54375 0.37578125 0.03125 0.0484375
1 0.22421875 0.403125 0.0515625 0.075
0 0.62578125 0.40625 0.0453125 0.053125
0 0.49921875 0.4375 0.0453125 0.059375
1 0.1734375 0.44296875 0.075 0.0890625
0 0.3625 0.4609375 0.04375 0.0625
0 0.59765625 0.4828125 0.0515625 0.06875
1 0.71875 0.4828125 0.125 0.14375
0 0.52109375 0.503125 0.0578125 0.071875
1 0.1625 0.56796875 0.11875 0.1765625
0 0.67734375 0.58125 0.0765625 0.09375
0 0.2859375 0.69453125 0.096875 0.1265625
0 0.78359375 0.71015625 0.1234375 0.1578125
1 0.0703125 0.76328125 0.140625 0.2984375