0 0.36640625 0.42578125 0.0515625 0.0734375
0 0.5828125 0.4421875 0.053125 0.0625
0 0.2828125 0.44609375 0.046875 0.0546875
1 0.62890625 0.46875 0.0859375 0.15625
0 0.51640625 0.48515625 0.0546875 0.0953125
1 0.75234375 0.5109375 0.0765625 0.1
1 0.08203125 0.54296875 0.1640625 0.2734375
1 0.6796875 0.5453125 0.096875 0.14375
0 0.3359375 0.54921875 0.06875 0.0765625
0 0.20390625 0.584375 0.0765625 0.096875
0 0.5546875 0.61875 0.078125 0.115625
0 0.2765625 0.72109375 0.1 0.1328125
0 0.625 0.86328125 0.140625 0.2390625