0 0.38046875 0.37734375 0.0390625 0.0421875
0 0.50078125 0.378125 0.0546875 0.0375
1 0.2421875 0.38125 0.075 0.109375
0 0.30703125 0.38125 0.0328125 0.046875
0 0.6578125 0.39765625 0.0375 0.0546875
1 0.61953125 0.40234375 0.0546875 0.0953125
0 0.36796875 0.415625 0.0421875 0.05
0 0.571875 0.4265625 0.046875 0.06875
0 0.50390625 0.43828125 0.0609375 0.0765625
0 0.34609375 0.45625 0.0609375 0.0625
1 0.73671875 0.465625 0.1265625 0.140625
0 0.63046875 0.50703125 0.0671875 0.1359375
0 0.1625 0.5625 0.090625 0.115625
1 0.75234375 0.659375 0.2046875 0.325
0 0.290625 0.6625 0.103125 0.128125
1 0.9390625 0.68515625 0.121875 0.3078125
0 0.56328125 0.690625 0.0921875 0.165625
0 0.1015625 0.73359375 0.134375 0.1546875
0 0.20625 0.92265625 0.165625 0.1546875
0 0.734375 0.96328125 0.153125 0.0734375