1 0.275 0.33828125 0.059375 0.0640625
0 0.3890625 0.36171875 0.028125 0.0359375
1 0.209375 0.38984375 0.071875 0.0828125
1 0.28046875 0.390625 0.0828125 0.121875
0 0.5671875 0.4125 0.0375 0.05
0 0.596875 0.45546875 0.05 0.0640625
1 0.19375 0.49375 0.146875 0.20625
0 0.5203125 0.5078125 0.05625 0.08125
1 0.0765625 0.534375 0.103125 0.11875
1 0.77109375 0.553125 0.1078125 0.15
0 0.65703125 0.5890625 0.0765625 0.09375
0 0.3171875 0.590625 0.078125 0.10625
0 0.56875 0.628125 0.084375 0.13125
1 0.77890625 0.71484375 0.1671875 0.2171875