0 0.36796875 0.309375 0.0171875 0.021875
0 0.46015625 0.31796875 0.0171875 0.0265625
0 0.3890625 0.3375 0.021875 0.03125
0 0.51953125 0.35625 0.0203125 0.0375
0 0.4734375 0.36640625 0.028125 0.0328125
1 0.60859375 0.37421875 0.0671875 0.1015625
1 0.54453125 0.375 0.0421875 0.053125
0 0.490625 0.39375 0.03125 0.05
0 0.56015625 0.425 0.0390625 0.059375
0 0.50546875 0.440625 0.0421875 0.059375
0 0.3484375 0.46328125 0.046875 0.0609375
0 0.65390625 0.46328125 0.0609375 0.0640625
1 0.63125 0.51015625 0.075 0.1203125
0 0.52265625 0.5140625 0.0546875 0.08125
0 0.23203125 0.52265625 0.0734375 0.0796875
0 0.55 0.590625 0.06875 0.09375
1 0.02265625 0.64921875 0.0453125 0.1890625
0 0.6484375 0.83984375 0.14375 0.2421875