0 0.375 0.36171875 0.034375 0.0390625
0 0.2890625 0.365625 0.034375 0.053125
0 0.32109375 0.384375 0.0265625 0.04375
0 0.37109375 0.396875 0.0390625 0.04375
0 0.5 0.41875 0.040625 0.040625
1 0.70234375 0.42734375 0.0703125 0.0796875
0 0.51171875 0.45390625 0.0578125 0.0546875
0 0.59375 0.4578125 0.04375 0.08125
0 0.52265625 0.49375 0.0453125 0.0625
1 0.76953125 0.496875 0.1078125 0.15625
1 0.61953125 0.50703125 0.0515625 0.1140625
1 0.6703125 0.54453125 0.103125 0.2015625
0 0.55234375 0.559375 0.0703125 0.096875
1 0.5390625 0.5890625 0.0875 0.11875
1 0.5359375 0.60234375 0.071875 0.1328125
1 0.74453125 0.63359375 0.0734375 0.1296875
1 0.859375 0.71015625 0.234375 0.3671875
0 0.58046875 0.715625 0.1078125 0.134375
0 0.61484375 0.83046875 0.1234375 0.1390625
1 0.92109375 0.84375 0.1578125 0.3125
0 0.646875 0.94375 0.146875 0.1125