0 0.30234375 0.34921875 0.0265625 0.0390625
0 0.37578125 0.35234375 0.0328125 0.0421875
1 0.62734375 0.35625 0.0734375 0.0625
1 0.54375 0.365625 0.065625 0.109375
0 0.4890625 0.41015625 0.040625 0.0546875
0 0.57109375 0.42890625 0.0265625 0.0578125
0 0.359375 0.4375 0.053125 0.065625
1 0.1703125 0.45546875 0.071875 0.1015625
1 0.709375 0.45625 0.06875 0.115625
1 0.240625 0.4625 0.10625 0.159375
1 0.6328125 0.478125 0.121875 0.18125
0 0.51875 0.4859375 0.0625 0.0875
0 0.771875 0.55546875 0.078125 0.0890625
0 0.32265625 0.5765625 0.0765625 0.09375
0 0.55546875 0.609375 0.0859375 0.128125
1 0.07578125 0.6671875 0.1515625 0.1875
0 0.64609375 0.875 0.1359375 0.234375