1 0.29140625 0.37890625 0.0734375 0.1078125
0 0.38359375 0.38125 0.0359375 0.046875
0 0.60703125 0.38671875 0.0421875 0.0484375
1 0.23125 0.39140625 0.046875 0.0546875
0 0.49140625 0.409375 0.0390625 0.046875
1 0.184375 0.43515625 0.065625 0.0921875
0 0.57890625 0.44375 0.0453125 0.059375
1 0.68046875 0.44375 0.1015625 0.121875
0 0.50859375 0.465625 0.0515625 0.065625
1 0.11328125 0.50546875 0.0984375 0.1265625
0 0.634375 0.52265625 0.065625 0.0796875
0 0.32890625 0.5671875 0.0703125 0.0875
0 0.70859375 0.609375 0.0953125 0.121875
1 0.08046875 0.70859375 0.1609375 0.2703125
0 0.60625 0.803125 0.121875 0.196875