0 0.46328125 0.328125 0.0234375 0.03125
1 0.334375 0.33203125 0.05 0.0640625
1 0.5125 0.3359375 0.046875 0.075
1 0.58359375 0.35546875 0.0484375 0.0765625
0 0.39140625 0.359375 0.0359375 0.04375
1 0.3171875 0.38359375 0.05 0.0828125
0 0.53671875 0.4 0.0390625 0.05625
0 0.375 0.41328125 0.046875 0.0734375
0 0.50234375 0.42265625 0.0609375 0.0703125
0 0.32890625 0.51328125 0.0703125 0.1015625
0 0.52734375 0.5453125 0.0828125 0.10625
0 0.56484375 0.67734375 0.1078125 0.1703125
1 0.93671875 0.69453125 0.1265625 0.3265625
0 0.2546875 0.75625 0.15 0.178125
0 0.91875 0.8875 0.1625 0.225
0 0.68359375 0.9078125 0.1921875 0.184375