1 0.34765625 0.34140625 0.0265625 0.0421875
1 0.284375 0.34296875 0.05625 0.0640625
0 0.39140625 0.35078125 0.0265625 0.0390625
0 0.38125 0.3796875 0.034375 0.05
1 0.3078125 0.39140625 0.05625 0.0828125
0 0.47734375 0.39609375 0.0265625 0.0421875
0 0.4890625 0.42578125 0.0375 0.0609375
0 0.49609375 0.4546875 0.0484375 0.075
1 0.234375 0.47578125 0.075 0.1015625
1 0.63671875 0.4875 0.1203125 0.2125
0 0.51875 0.490625 0.04375 0.06875
1 0.80390625 0.515625 0.1640625 0.228125
0 0.52734375 0.540625 0.0734375 0.115625
0 0.5484375 0.621875 0.08125 0.140625
0 0.29296875 0.64453125 0.0796875 0.1265625
1 0.78515625 0.671875 0.2234375 0.321875
0 0.5984375 0.771875 0.128125 0.175