0 0.3859375 0.33828125 0.028125 0.0359375
1 0.28046875 0.359375 0.0453125 0.0625
1 0.5359375 0.36796875 0.0375 0.0609375
0 0.48203125 0.37734375 0.0328125 0.0421875
0 0.54453125 0.40703125 0.0265625 0.0515625
0 0.490625 0.42421875 0.040625 0.0609375
1 0.64765625 0.425 0.0421875 0.075
1 0.60078125 0.44375 0.0921875 0.15625
1 0.7 0.47109375 0.078125 0.0953125
0 0.51328125 0.49375 0.0546875 0.065625
0 0.7921875 0.58046875 0.08125 0.1015625
0 0.68359375 0.609375 0.0859375 0.109375
0 0.60390625 0.71484375 0.0953125 0.1453125
1 0.9453125 0.71484375 0.109375 0.2546875