1 0.37578125 0.29296875 0.0328125 0.0515625
0 0.40234375 0.30625 0.0203125 0.03125
1 0.35078125 0.31796875 0.0359375 0.0609375
0 0.39296875 0.3375 0.0234375 0.034375
1 0.2828125 0.34375 0.046875 0.053125
1 0.53203125 0.3578125 0.0328125 0.06875
0 0.475 0.359375 0.028125 0.034375
1 0.590625 0.3671875 0.05 0.075
1 0.3109375 0.375 0.065625 0.090625
0 0.3734375 0.37890625 0.034375 0.0453125
1 0.228125 0.39375 0.053125 0.078125
0 0.35390625 0.4328125 0.0484375 0.06875
0 0.640625 0.525 0.065625 0.10625
0 0.5515625 0.540625 0.06875 0.1375
1 0.17109375 0.5875 0.1015625 0.11875
0 0.29765625 0.64296875 0.0859375 0.1140625