1 0.34765625 0.34296875 0.0296875 0.0484375
0 0.38671875 0.36328125 0.0296875 0.0390625
1 0.5453125 0.365625 0.04375 0.090625
1 0.2328125 0.384375 0.071875 0.0875
0 0.546875 0.3890625 0.03125 0.04375
1 0.578125 0.39921875 0.06875 0.1140625
1 0.3109375 0.4 0.05 0.071875
0 0.490625 0.4125 0.0375 0.05625
0 0.3640625 0.43359375 0.05 0.0546875
1 0.61015625 0.44296875 0.1015625 0.1609375
0 0.496875 0.44765625 0.046875 0.0703125
1 0.734375 0.4625 0.128125 0.178125
0 0.51953125 0.4859375 0.0453125 0.075
0 0.34375 0.5 0.065625 0.084375
0 0.51875 0.521875 0.065625 0.10625
1 0.1890625 0.53828125 0.11875 0.1609375
1 0.72265625 0.5859375 0.1734375 0.25
0 0.8578125 0.59765625 0.121875 0.1328125
0 0.5421875 0.6 0.06875 0.11875
0 0.5796875 0.73203125 0.115625 0.1640625
1 0.86875 0.7921875 0.2625 0.415625
0 0.63046875 0.90703125 0.1421875 0.1859375