1 0.5125 0.32265625 0.040625 0.0578125
1 0.3453125 0.325 0.025 0.0625
0 0.390625 0.32734375 0.01875 0.0171875
0 0.4703125 0.3375 0.021875 0.040625
0 0.3875 0.3640625 0.025 0.03125
1 0.31484375 0.371875 0.0359375 0.078125
1 0.2640625 0.37265625 0.034375 0.0703125
1 0.55390625 0.3890625 0.0421875 0.06875
0 0.375 0.39375 0.025 0.040625
1 0.6328125 0.39375 0.071875 0.1
1 0.23984375 0.403125 0.0453125 0.046875
0 0.51015625 0.46328125 0.0515625 0.0890625
0 0.70859375 0.475 0.0609375 0.075
0 0.60234375 0.47734375 0.0703125 0.0671875
0 0.159375 0.509375 0.05 0.096875
0 0.32578125 0.5625 0.0640625 0.0875
0 0.08515625 0.58515625 0.1015625 0.0953125
0 0.54609375 0.5875 0.0734375 0.125
1 0.81484375 0.69921875 0.1578125 0.3484375
1 0.03984375 0.778125 0.0703125 0.209375