1 0.31015625 0.325 0.0515625 0.071875
0 0.47421875 0.35 0.0359375 0.040625
1 0.5359375 0.35703125 0.04375 0.0765625
0 0.4890625 0.40390625 0.0375 0.0546875
0 0.51484375 0.45390625 0.0453125 0.0546875
0 0.6546875 0.45390625 0.053125 0.0703125
0 0.50078125 0.475 0.0515625 0.0625
0 0.71328125 0.49296875 0.0609375 0.0734375
0 0.52578125 0.50859375 0.0546875 0.0671875
0 0.62421875 0.509375 0.0609375 0.078125
0 0.54296875 0.559375 0.0796875 0.109375
1 0.8859375 0.625 0.228125 0.3375
0 0.5640625 0.64375 0.090625 0.121875
0 0.72421875 0.64765625 0.0890625 0.1296875
0 0.215625 0.79296875 0.128125 0.1609375
0 0.615625 0.79453125 0.125 0.1609375
1 0.89609375 0.8515625 0.2078125 0.296875