0 0.390625 0.346875 0.025 0.0375
1 0.27890625 0.353125 0.0515625 0.078125
0 0.3328125 0.3625 0.040625 0.05625
1 0.52890625 0.36875 0.0546875 0.078125
0 0.596875 0.37578125 0.040625 0.0640625
0 0.48359375 0.3875 0.0515625 0.065625
0 0.37734375 0.390625 0.0390625 0.053125
0 0.65859375 0.39921875 0.0484375 0.0484375
0 0.28359375 0.43671875 0.0609375 0.0859375
0 0.5765625 0.446875 0.053125 0.065625
0 0.20234375 0.459375 0.0765625 0.109375
0 0.68203125 0.4671875 0.0640625 0.075
1 0.784375 0.4828125 0.08125 0.10625
0 0.334375 0.49296875 0.0625 0.0765625
1 0.95 0.578125 0.1 0.134375
1 0.19453125 0.59609375 0.1109375 0.1296875
0 0.56328125 0.60703125 0.0703125 0.1140625
1 0.73046875 0.62109375 0.1171875 0.1796875
1 0.915625 0.815625 0.16875 0.36875
0 0.20703125 0.82109375 0.1828125 0.2171875