0 0.4015625 0.3046875 0.021875 0.025
1 0.57265625 0.31015625 0.0578125 0.0671875
1 0.3265625 0.3125 0.03125 0.05
0 0.365625 0.31875 0.034375 0.040625
1 0.515625 0.33984375 0.053125 0.0671875
0 0.475 0.34375 0.034375 0.03125
0 0.4734375 0.36875 0.034375 0.0375
0 0.375 0.38125 0.04375 0.053125
0 0.48125 0.3890625 0.040625 0.05625
1 0.571875 0.39375 0.09375 0.1625
0 0.62890625 0.42265625 0.0484375 0.0703125
1 0.690625 0.428125 0.1 0.16875
0 0.4984375 0.4515625 0.05 0.06875
0 0.534375 0.54375 0.08125 0.109375
1 0.8375 0.57734375 0.16875 0.2046875
0 0.5875 0.703125 0.115625 0.15625
0 0.7921875 0.75078125 0.1375 0.1640625
0 0.16953125 0.90703125 0.1765625 0.1859375