1 0.5359375 0.35859375 0.059375 0.0953125
0 0.4875 0.36953125 0.04375 0.0484375
0 0.4796875 0.38125 0.028125 0.01875
1 0.5546875 0.38515625 0.046875 0.0671875
0 0.3640625 0.39140625 0.034375 0.0453125
1 0.65 0.415625 0.0625 0.0875
0 0.5734375 0.42578125 0.040625 0.0484375
0 0.49765625 0.43671875 0.0421875 0.0640625
0 0.59609375 0.459375 0.0421875 0.084375
0 0.5140625 0.484375 0.046875 0.075
1 0.125 0.49296875 0.134375 0.1484375
1 0.74609375 0.49921875 0.0921875 0.1609375
0 0.35 0.50625 0.08125 0.1125
1 0.628125 0.515625 0.071875 0.134375
0 0.53359375 0.51953125 0.0546875 0.0609375
1 0.82890625 0.540625 0.1171875 0.153125
1 0.6671875 0.559375 0.10625 0.1875
0 0.559375 0.57734375 0.065625 0.1046875
1 0.55 0.62578125 0.10625 0.1515625
1 0.74609375 0.628125 0.0578125 0.140625
0 0.28515625 0.72109375 0.1265625 0.1578125
0 0.58125 0.72578125 0.1 0.1484375
1 0.85625 0.734375 0.23125 0.390625
1 0.0953125 0.775 0.190625 0.45
1 0.93125 0.84140625 0.1375 0.3171875
0 0.61171875 0.85 0.1671875 0.1875
0 0.65546875 0.95625 0.1921875 0.0875