0 0.353125 0.33125 0.03125 0.0375
0 0.39296875 0.33984375 0.0234375 0.0296875
0 0.571875 0.353125 0.034375 0.040625
0 0.52890625 0.36796875 0.0296875 0.0390625
0 0.35859375 0.36875 0.0328125 0.0375
0 0.59140625 0.37890625 0.0390625 0.0421875
1 0.628125 0.38984375 0.04375 0.0578125
0 0.5546875 0.40546875 0.034375 0.0484375
0 0.490625 0.41015625 0.0375 0.0546875
1 0.70703125 0.44375 0.1203125 0.2
1 0.61328125 0.4640625 0.0953125 0.14375
0 0.5125 0.465625 0.059375 0.078125
0 0.53984375 0.5703125 0.0734375 0.10625
0 0.8765625 0.67421875 0.11875 0.1234375
0 0.58046875 0.73359375 0.1046875 0.1671875
0 0.7859375 0.76640625 0.125 0.1546875