0 0.38046875 0.365625 0.0328125 0.040625
0 0.328125 0.36875 0.034375 0.04375
1 0.2296875 0.384375 0.0625 0.096875
1 0.5578125 0.3921875 0.053125 0.0875
0 0.49453125 0.39765625 0.0359375 0.0328125
0 0.309375 0.4 0.0375 0.040625
0 0.63515625 0.4046875 0.0390625 0.05
0 0.49140625 0.42265625 0.0328125 0.0421875
0 0.6671875 0.434375 0.05 0.046875
0 0.584375 0.4375 0.04375 0.05
0 0.50625 0.45390625 0.046875 0.0546875
0 0.51484375 0.48984375 0.0453125 0.0703125
0 0.32421875 0.51796875 0.0609375 0.0734375
1 0.79140625 0.52421875 0.1671875 0.1890625
0 0.53828125 0.58515625 0.0796875 0.1078125
0 0.70234375 0.634375 0.0984375 0.125
1 0.9109375 0.690625 0.125 0.140625
0 0.59609375 0.734375 0.1015625 0.15