1 0.31875 0.36328125 0.075 0.0859375
0 0.36953125 0.40234375 0.0578125 0.0546875
1 0.7015625 0.44375 0.075 0.125
0 0.33828125 0.48359375 0.0609375 0.0796875
1 0.6171875 0.49453125 0.078125 0.1015625
1 0.509375 0.52890625 0.05625 0.0828125
1 0.67421875 0.53984375 0.0984375 0.1703125
0 0.53671875 0.584375 0.0828125 0.109375
1 0.02578125 0.61875 0.0515625 0.221875
1 0.121875 0.625 0.153125 0.225
1 0.7421875 0.63203125 0.09375 0.1484375
0 0.55859375 0.675 0.0953125 0.15
1 0.8515625 0.703125 0.19375 0.325
1 0.271875 0.725 0.14375 0.184375
1 0.9140625 0.8265625 0.171875 0.346875
0 0.7109375 0.83515625 0.140625 0.2578125
0 0.58046875 0.92265625 0.1203125 0.1546875