0 0.38828125 0.29140625 0.0265625 0.0421875
1 0.3609375 0.29375 0.028125 0.034375
1 0.57734375 0.321875 0.0609375 0.075
0 0.37421875 0.33359375 0.0453125 0.0421875
1 0.34921875 0.340625 0.0421875 0.065625
0 0.38828125 0.365625 0.0421875 0.065625
1 0.30546875 0.4125 0.0640625 0.078125
1 0.215625 0.42578125 0.10625 0.2234375
0 0.4984375 0.42890625 0.0375 0.0453125
1 0.72734375 0.42890625 0.1484375 0.2328125
1 0.6109375 0.446875 0.121875 0.171875
0 0.37109375 0.44921875 0.0640625 0.0640625
0 0.51875 0.45546875 0.040625 0.0359375
0 0.5265625 0.50859375 0.071875 0.0828125
0 0.340625 0.534375 0.08125 0.084375
0 0.865625 0.55859375 0.1 0.1203125
1 0.70546875 0.56875 0.1796875 0.2625
0 0.55234375 0.58515625 0.0921875 0.1171875
1 0.17578125 0.58984375 0.1578125 0.2828125
0 0.58046875 0.725 0.1234375 0.184375
1 0.87265625 0.784375 0.2546875 0.43125
0 0.63828125 0.9 0.1703125 0.2