0 0.4796875 0.37421875 0.034375 0.0390625
1 0.55234375 0.38359375 0.0484375 0.0921875
0 0.48984375 0.4078125 0.0421875 0.05625
1 0.63828125 0.41640625 0.0890625 0.0953125
1 0.27578125 0.42109375 0.0671875 0.1046875
0 0.51875 0.428125 0.040625 0.05
0 0.1828125 0.4625 0.059375 0.065625
1 0.51328125 0.484375 0.0640625 0.1125
0 0.78359375 0.49375 0.0703125 0.075
0 0.87734375 0.56328125 0.0921875 0.1109375
1 0.66953125 0.56484375 0.1140625 0.1671875
1 0.80078125 0.5859375 0.1265625 0.1625
0 0.55546875 0.6 0.0828125 0.121875
0 0.8140625 0.77890625 0.146875 0.1953125
0 0.21953125 0.86875 0.1390625 0.175
0 0.6390625 0.88125 0.140625 0.2375