1 0.2859375 0.353125 0.04375 0.071875
1 0.54921875 0.36875 0.0609375 0.1125
0 0.325 0.38046875 0.0375 0.0515625
0 0.3703125 0.39453125 0.028125 0.0484375
0 0.4921875 0.396875 0.040625 0.05
1 0.59609375 0.434375 0.1046875 0.15
0 0.5015625 0.4625 0.040625 0.0625
0 0.32109375 0.47421875 0.0546875 0.0890625
1 0.7984375 0.5125 0.11875 0.175
0 0.5140625 0.51640625 0.059375 0.0796875
1 0.68203125 0.559375 0.1859375 0.359375
0 0.159375 0.603125 0.08125 0.0875
0 0.54609375 0.6125 0.1046875 0.1125
1 0.69921875 0.64609375 0.1328125 0.2046875
1 0.92578125 0.71875 0.1484375 0.209375
0 0.575 0.7328125 0.115625 0.14375
0 0.63203125 0.86875 0.1609375 0.215625