1 0.62734375 0.378125 0.0578125 0.0875
0 0.37265625 0.390625 0.0359375 0.04375
1 0.571875 0.39140625 0.071875 0.1171875
0 0.25390625 0.39296875 0.0421875 0.0515625
0 0.49375 0.3953125 0.034375 0.04375
0 0.509375 0.4625 0.05 0.053125
1 0.725 0.475 0.115625 0.159375
1 0.61875 0.496875 0.071875 0.121875
0 0.53203125 0.540625 0.0609375 0.08125
0 0.31953125 0.54609375 0.0734375 0.0796875
0 0.87578125 0.5765625 0.0859375 0.10625
1 0.70234375 0.578125 0.1328125 0.2375
0 0.59296875 0.715625 0.1078125 0.153125
1 0.8796875 0.815625 0.240625 0.36875