1 0.578125 0.34921875 0.046875 0.0859375
1 0.5375 0.3640625 0.059375 0.09375
0 0.48359375 0.36875 0.0328125 0.040625
0 0.37265625 0.375 0.0328125 0.034375
0 0.63046875 0.37890625 0.0328125 0.0578125
0 0.26953125 0.38984375 0.0328125 0.0671875
1 0.31328125 0.39609375 0.0578125 0.1078125
0 0.36640625 0.421875 0.0484375 0.053125
0 0.7 0.434375 0.05625 0.0875
0 0.5015625 0.44296875 0.05 0.0734375
0 0.365625 0.46640625 0.05 0.0578125
0 0.83671875 0.515625 0.0578125 0.11875
1 0.78125 0.540625 0.0875 0.159375
0 0.56953125 0.62265625 0.1046875 0.1703125
0 0.96953125 0.628125 0.0609375 0.075
1 0.0390625 0.63203125 0.078125 0.2484375
0 0.81015625 0.73984375 0.1234375 0.1921875
1 0.96171875 0.76328125 0.0765625 0.2609375
0 0.20703125 0.90625 0.1671875 0.184375