0 0.40390625 0.31953125 0.0203125 0.0359375
0 0.475 0.33203125 0.034375 0.0234375
0 0.3859375 0.35546875 0.025 0.0390625
0 0.27265625 0.36953125 0.0140625 0.0265625
0 0.4828125 0.37421875 0.0375 0.0359375
1 0.31015625 0.3890625 0.0546875 0.08125
0 0.375 0.390625 0.034375 0.046875
1 0.578125 0.4 0.0625 0.140625
0 0.2421875 0.41171875 0.0375 0.0609375
0 0.203125 0.4328125 0.046875 0.04375
0 0.35234375 0.440625 0.0390625 0.053125
0 0.50859375 0.45546875 0.0640625 0.0890625
0 0.334375 0.49609375 0.053125 0.1046875
1 0.228125 0.496875 0.078125 0.096875
1 0.05 0.578125 0.1 0.140625
0 0.74140625 0.646875 0.1015625 0.15625
0 0.12734375 0.70390625 0.0796875 0.1546875
0 0.2734375 0.75703125 0.109375 0.1734375
1 0.8921875 0.8 0.1875 0.378125