1 0.378125 0.38125 0.034375 0.040625
1 0.3171875 0.38359375 0.0375 0.0453125
1 0.26640625 0.390625 0.0390625 0.046875
0 0.50078125 0.434375 0.0390625 0.05
0 0.653125 0.440625 0.05 0.05625
0 0.59609375 0.46171875 0.0546875 0.0734375
1 0.73828125 0.496875 0.0890625 0.140625
0 0.52265625 0.50234375 0.0578125 0.0921875
0 0.6328125 0.5125 0.0625 0.090625
1 0.69921875 0.59375 0.1203125 0.190625
0 0.2953125 0.615625 0.084375 0.11875
1 0.84921875 0.6265625 0.1265625 0.14375
0 0.6015625 0.728125 0.109375 0.178125