1 0.5984375 0.359375 0.053125 0.084375
0 0.334375 0.3640625 0.0375 0.04375
1 0.64375 0.40390625 0.084375 0.1203125
0 0.4953125 0.41953125 0.040625 0.0484375
0 0.56796875 0.41953125 0.0390625 0.0515625
0 0.71328125 0.43359375 0.0453125 0.0578125
0 0.59609375 0.465625 0.0453125 0.059375
0 0.51015625 0.46875 0.0484375 0.065625
1 0.64921875 0.509375 0.0828125 0.140625
0 0.55078125 0.52890625 0.0671875 0.1078125
0 0.69453125 0.634375 0.1046875 0.128125
0 0.9546875 0.784375 0.090625 0.1375
1 0.84921875 0.81640625 0.1578125 0.2421875
0 0.18984375 0.87421875 0.1484375 0.1765625