1 0.3796875 0.28671875 0.025 0.0390625
1 0.409375 0.29375 0.021875 0.028125
1 0.3421875 0.29921875 0.025 0.0359375
0 0.4015625 0.30546875 0.01875 0.0234375
0 0.38828125 0.33203125 0.0265625 0.0359375
1 0.28046875 0.34296875 0.0578125 0.0859375
1 0.371875 0.37109375 0.03125 0.0453125
1 0.553125 0.3875 0.046875 0.0875
1 0.6734375 0.4 0.09375 0.14375
1 0.28359375 0.4125 0.0640625 0.096875
0 0.57109375 0.42421875 0.0328125 0.0515625
0 0.5953125 0.44765625 0.04375 0.0671875
1 0.13828125 0.45859375 0.1078125 0.1203125
0 0.50234375 0.4625 0.0390625 0.0625
1 0.7328125 0.4890625 0.096875 0.15625
0 0.5171875 0.4953125 0.059375 0.08125
0 0.80625 0.5 0.065625 0.06875
0 0.33828125 0.5 0.0578125 0.065625
1 0.62265625 0.509375 0.0671875 0.134375
0 0.53046875 0.534375 0.0640625 0.084375
1 0.66796875 0.54921875 0.1078125 0.2015625
0 0.55859375 0.57734375 0.0703125 0.1046875
1 0.5359375 0.62265625 0.08125 0.1578125
1 0.76484375 0.65078125 0.0984375 0.1609375
0 0.26953125 0.69765625 0.1046875 0.1328125
1 0.86328125 0.734375 0.2296875 0.390625
0 0.5734375 0.7421875 0.1 0.175
0 0.61328125 0.8625 0.1359375 0.20625
0 0.64296875 0.95078125 0.1515625 0.0984375