0 0.3890625 0.35234375 0.040625 0.0421875
1 0.32421875 0.359375 0.0546875 0.09375
0 0.38046875 0.38203125 0.0484375 0.0515625
0 0.35 0.41875 0.059375 0.065625
0 0.64296875 0.41953125 0.0390625 0.0734375
1 0.70234375 0.44453125 0.1359375 0.1609375
0 0.6109375 0.46875 0.075 0.0875
0 0.5171875 0.5125 0.075 0.096875
0 0.328125 0.51328125 0.09375 0.1234375
1 0.765625 0.553125 0.090625 0.10625
0 0.853125 0.55390625 0.1 0.0921875
0 0.540625 0.56875 0.084375 0.10625
0 0.6828125 0.59453125 0.0875 0.1359375
1 0.94921875 0.63984375 0.1015625 0.3078125
0 0.859375 0.646875 0.096875 0.125
0 0.14765625 0.66875 0.1484375 0.184375
1 0.775 0.721875 0.165625 0.253125
0 0.621875 0.728125 0.115625 0.19375
0 0.2421875 0.7875 0.146875 0.23125
1 0.5828125 0.85625 0.171875 0.2875
1 0.91171875 0.8671875 0.1765625 0.265625