1 0.52109375 0.34140625 0.0453125 0.0578125
0 0.35 0.34609375 0.025 0.0328125
0 0.3859375 0.35 0.028125 0.03125
1 0.58125 0.3625 0.046875 0.059375
1 0.25625 0.37265625 0.053125 0.0796875
0 0.47734375 0.37734375 0.0328125 0.0421875
0 0.3734375 0.38046875 0.03125 0.0390625
1 0.3078125 0.38125 0.059375 0.075
0 0.49453125 0.4125 0.0390625 0.059375
0 0.35390625 0.4484375 0.0484375 0.0625
0 0.51953125 0.4625 0.0515625 0.0625
0 0.28046875 0.46484375 0.0546875 0.0671875
0 0.5546875 0.56328125 0.078125 0.1234375
0 0.30234375 0.63125 0.0890625 0.103125
0 0.675 0.90390625 0.159375 0.1921875