1 0.33203125 0.35625 0.0390625 0.071875
0 0.3828125 0.3625 0.03125 0.0375
0 0.35859375 0.4 0.0390625 0.046875
0 0.5734375 0.421875 0.040625 0.05625
0 0.65234375 0.425 0.0328125 0.05625
1 0.71796875 0.4609375 0.1203125 0.15
0 0.503125 0.46953125 0.053125 0.0734375
0 0.33671875 0.47734375 0.0578125 0.0671875
0 0.6125 0.4921875 0.0625 0.0875
0 0.52265625 0.51875 0.0640625 0.084375
1 0.771875 0.5625 0.084375 0.09375
0 0.5484375 0.575 0.084375 0.10625
0 0.1953125 0.58828125 0.090625 0.1015625
0 0.89609375 0.59296875 0.0890625 0.0859375
0 0.7078125 0.640625 0.0875 0.134375
0 0.8703125 0.6671875 0.096875 0.125
0 0.27578125 0.678125 0.0984375 0.1375
0 0.621875 0.73984375 0.109375 0.1578125
1 0.80546875 0.765625 0.1609375 0.278125
1 0.59609375 0.88515625 0.1421875 0.2296875