1 0.57265625 0.31015625 0.0578125 0.0671875
1 0.315625 0.3125 0.03125 0.05
0 0.3625 0.32109375 0.028125 0.0453125
1 0.515625 0.33984375 0.053125 0.0671875
0 0.475 0.34375 0.034375 0.03125
0 0.4734375 0.36875 0.034375 0.0375
0 0.3703125 0.38515625 0.04375 0.0546875
0 0.48125 0.3890625 0.040625 0.05625
1 0.571875 0.39375 0.09375 0.1625
0 0.63046875 0.425 0.0484375 0.071875
1 0.690625 0.428125 0.1 0.16875
0 0.4984375 0.4515625 0.05 0.06875
0 0.53125 0.53515625 0.08125 0.1078125
1 0.8375 0.57734375 0.16875 0.2046875
0 0.58046875 0.67734375 0.1109375 0.1421875
0 0.76953125 0.71796875 0.1203125 0.1515625
0 0.13046875 0.96875 0.1796875 0.0625
0 0.6765625 0.98203125 0.115625 0.0359375