0 0.32734375 0.37578125 0.0296875 0.0359375
0 0.37109375 0.39296875 0.0296875 0.0390625
1 0.62265625 0.4 0.0421875 0.078125
1 0.21328125 0.403125 0.1109375 0.146875
0 0.30390625 0.41875 0.0421875 0.059375
0 0.50625 0.425 0.04375 0.065625
0 0.36171875 0.44765625 0.0453125 0.0671875
1 0.1765625 0.54375 0.15 0.203125
0 0.63203125 0.5734375 0.0765625 0.1125
0 0.2984375 0.59453125 0.0875 0.1109375
1 0.78359375 0.66875 0.1671875 0.303125
1 0.93125 0.66953125 0.134375 0.1515625
1 0.60234375 0.7625 0.1140625 0.2125
0 0.18125 0.9140625 0.1625 0.171875