1 0.61171875 0.36484375 0.0890625 0.1171875
0 0.4828125 0.384375 0.05625 0.053125
1 0.5578125 0.3921875 0.05625 0.0875
1 0.65078125 0.4046875 0.0796875 0.1
0 0.35625 0.4125 0.046875 0.08125
0 0.5734375 0.41875 0.0375 0.040625
0 0.49296875 0.42421875 0.0546875 0.0484375
0 0.59453125 0.43359375 0.0546875 0.0421875
0 0.51015625 0.475 0.0578125 0.053125
1 0.73359375 0.47734375 0.0953125 0.1546875
1 0.6203125 0.5140625 0.075 0.11875
0 0.52421875 0.515625 0.0609375 0.0625
1 0.0859375 0.52265625 0.13125 0.1296875
1 0.84375 0.5265625 0.153125 0.13125
1 0.74609375 0.54921875 0.0046875 0.0140625
1 0.6640625 0.55390625 0.125 0.1921875
0 0.55625 0.565625 0.0875 0.1
0 0.31015625 0.59140625 0.1046875 0.0953125
1 0.540625 0.61484375 0.103125 0.1453125
1 0.7390625 0.64296875 0.06875 0.1515625
0 0.57265625 0.7046875 0.1046875 0.1125
1 0.85703125 0.71171875 0.2421875 0.3359375
0 0.60859375 0.828125 0.1453125 0.153125
1 0.93046875 0.8453125 0.1390625 0.309375
1 0.0421875 0.8578125 0.084375 0.284375
0 0.63828125 0.953125 0.1453125 0.09375