1 0.3203125 0.378125 0.034375 0.05625
1 0.5890625 0.42421875 0.096875 0.1609375
1 0.6890625 0.4296875 0.1125 0.15
0 0.4921875 0.43203125 0.040625 0.0515625
0 0.359375 0.4421875 0.04375 0.0625
1 0.1609375 0.45 0.1 0.13125
0 0.51875 0.471875 0.053125 0.071875
1 0.24375 0.5 0.075 0.10625
0 0.51640625 0.51484375 0.0640625 0.1078125
0 0.82421875 0.540625 0.0765625 0.0875
1 0.67890625 0.546875 0.1390625 0.209375
0 0.53515625 0.58046875 0.0703125 0.1140625
0 0.30625 0.61015625 0.078125 0.0953125
0 0.57890625 0.70390625 0.1046875 0.1328125
1 0.85390625 0.76328125 0.2921875 0.4734375
0 0.61328125 0.875 0.1359375 0.21875
0 0.21171875 0.915625 0.1640625 0.16875