1 0.62421875 0.38046875 0.0734375 0.1140625
1 0.56640625 0.409375 0.0515625 0.096875
0 0.503125 0.43515625 0.046875 0.0671875
1 0.18828125 0.4546875 0.0703125 0.0875
1 0.709375 0.47890625 0.06875 0.1078125
0 0.61484375 0.48671875 0.0609375 0.0765625
1 0.2421875 0.503125 0.06875 0.084375
0 0.53359375 0.56328125 0.0765625 0.1109375
0 0.79765625 0.59140625 0.0953125 0.1328125
0 0.68359375 0.621875 0.0984375 0.121875
0 0.21328125 0.628125 0.0953125 0.10625
0 0.25859375 0.73828125 0.1171875 0.1390625