1 0.31875 0.30859375 0.0375 0.0546875
1 0.528125 0.334375 0.046875 0.084375
0 0.471875 0.34296875 0.03125 0.0265625
1 0.334375 0.35390625 0.03125 0.0578125
0 0.38671875 0.36484375 0.0453125 0.0546875
1 0.31015625 0.36953125 0.0609375 0.1015625
1 0.5578125 0.36953125 0.0875 0.1109375
1 0.2296875 0.3796875 0.096875 0.1375
0 0.47890625 0.3875 0.0515625 0.05625
1 0.62734375 0.396875 0.0703125 0.096875
0 0.36171875 0.459375 0.0609375 0.0875
1 0.24921875 0.465625 0.1140625 0.196875
1 0.7359375 0.496875 0.096875 0.1375
0 0.13125 0.5 0.096875 0.109375
0 0.525 0.509375 0.065625 0.09375
0 0.3 0.66171875 0.1375 0.2015625
1 0.9328125 0.73359375 0.134375 0.3171875
0 0.63671875 0.765625 0.1484375 0.221875
0 0.84140625 0.82890625 0.1609375 0.2421875
0 0.209375 0.9296875 0.178125 0.140625