1 0.5390625 0.36015625 0.053125 0.0828125
1 0.2609375 0.36640625 0.05 0.0671875
1 0.61484375 0.3875 0.0484375 0.0625
0 0.484375 0.396875 0.0375 0.046875
0 0.56953125 0.4296875 0.0515625 0.0625
0 0.646875 0.43359375 0.05 0.0671875
0 0.34140625 0.446875 0.0515625 0.0625
0 0.509375 0.459375 0.05 0.06875
1 0.71796875 0.478125 0.0734375 0.125
0 0.63828125 0.52421875 0.0796875 0.1015625
0 0.52734375 0.53515625 0.0640625 0.0828125
1 0.88125 0.5859375 0.2375 0.3625
0 0.60390625 0.703125 0.1265625 0.184375