1 0.58828125 0.3515625 0.0578125 0.08125
1 0.540625 0.36875 0.046875 0.090625
1 0.31171875 0.36953125 0.0484375 0.0765625
0 0.48359375 0.38359375 0.0359375 0.0453125
0 0.24375 0.40625 0.04375 0.053125
1 0.56484375 0.409375 0.0515625 0.1
0 0.496875 0.43515625 0.040625 0.0671875
0 0.52890625 0.453125 0.0484375 0.040625
1 0.6671875 0.45390625 0.10625 0.0953125
0 0.32578125 0.51484375 0.0578125 0.0703125
1 0.528125 0.53515625 0.078125 0.1453125
0 0.90859375 0.59453125 0.0921875 0.1140625
1 0.8578125 0.65078125 0.146875 0.1890625
1 0.7375 0.66640625 0.15 0.2453125
0 0.5984375 0.69921875 0.10625 0.1640625
1 0.08671875 0.7125 0.1734375 0.284375