0 0.39609375 0.321875 0.0296875 0.0375
1 0.4671875 0.33046875 0.04375 0.0640625
1 0.51640625 0.3375 0.0515625 0.08125
0 0.34921875 0.340625 0.0359375 0.05
0 0.384375 0.34375 0.034375 0.040625
0 0.27421875 0.359375 0.0609375 0.071875
0 0.46953125 0.359375 0.0265625 0.03125
1 0.6 0.3671875 0.0625 0.1
0 0.4796875 0.36875 0.034375 0.0375
1 0.54921875 0.375 0.0671875 0.109375
0 0.48046875 0.3953125 0.0328125 0.04375
0 0.48828125 0.4078125 0.0328125 0.03125
0 0.553125 0.4140625 0.040625 0.04375
0 0.6328125 0.415625 0.0375 0.05
1 0.71796875 0.44296875 0.1265625 0.1609375
0 0.5015625 0.446875 0.046875 0.0375
0 0.59140625 0.46875 0.0515625 0.078125
0 0.51171875 0.49765625 0.0578125 0.0828125
0 0.6359375 0.540625 0.071875 0.090625
0 0.53046875 0.56171875 0.0828125 0.1015625
0 0.14140625 0.67109375 0.1046875 0.1078125
1 0.85390625 0.7640625 0.2921875 0.471875
0 0.634375 0.86875 0.14375 0.24375