1 0.36875 0.303125 0.040625 0.053125
1 0.403125 0.3078125 0.028125 0.04375
0 0.3796875 0.3703125 0.04375 0.05625
1 0.2765625 0.4109375 0.1 0.125
1 0.6125 0.4375 0.0625 0.121875
0 0.4859375 0.446875 0.053125 0.06875
1 0.7421875 0.45390625 0.16875 0.1796875
0 0.571875 0.4875 0.075 0.103125
0 0.50390625 0.49296875 0.0609375 0.0859375
1 0.67890625 0.53125 0.0578125 0.109375
1 0.0625 0.55 0.125 0.178125
0 0.5359375 0.58671875 0.084375 0.1140625
1 0.75546875 0.6 0.1578125 0.265625
0 0.57890625 0.68046875 0.1015625 0.1515625
0 0.1328125 0.68984375 0.11875 0.1203125
1 0.86953125 0.7765625 0.2609375 0.446875
0 0.61796875 0.8375 0.1515625 0.246875