0 0.4 0.321875 0.025 0.025
1 0.34453125 0.3296875 0.0390625 0.075
0 0.47421875 0.3453125 0.0265625 0.04375
1 0.534375 0.35390625 0.05 0.0671875
1 0.621875 0.375 0.071875 0.075
0 0.5 0.403125 0.028125 0.046875
0 0.36875 0.421875 0.053125 0.075
0 0.5078125 0.465625 0.040625 0.0625
0 0.61875 0.48359375 0.0625 0.0828125
1 0.1 0.51328125 0.071875 0.1109375
0 0.31484375 0.55 0.0703125 0.125
1 0.8609375 0.56640625 0.234375 0.2703125
0 0.66640625 0.58125 0.0796875 0.1
0 0.60625 0.728125 0.1 0.14375
1 0.07109375 0.73828125 0.1390625 0.3359375
0 0.20390625 0.92109375 0.1078125 0.1296875