0 0.30546875 0.34296875 0.0265625 0.0390625
0 0.37578125 0.35234375 0.0328125 0.0421875
1 0.62734375 0.35625 0.0734375 0.0625
1 0.54375 0.365625 0.065625 0.109375
0 0.4890625 0.41015625 0.040625 0.0546875
0 0.359375 0.42890625 0.053125 0.0671875
0 0.57109375 0.42890625 0.0265625 0.0578125
1 0.190625 0.44296875 0.071875 0.1015625
1 0.715625 0.45625 0.05625 0.115625
1 0.2484375 0.459375 0.103125 0.153125
1 0.6390625 0.484375 0.121875 0.18125
0 0.52109375 0.48984375 0.0671875 0.0953125
0 0.3296875 0.54296875 0.06875 0.0890625
0 0.77421875 0.5578125 0.0828125 0.09375
0 0.559375 0.61875 0.090625 0.134375
1 0.0921875 0.640625 0.140625 0.175
0 0.64609375 0.8875 0.1359375 0.209375