1 0.61796875 0.38359375 0.0734375 0.0953125
0 0.54609375 0.39140625 0.0328125 0.0421875
0 0.4859375 0.40546875 0.0375 0.0390625
0 0.3015625 0.4125 0.0375 0.04375
0 0.559375 0.421875 0.03125 0.053125
0 0.49453125 0.43125 0.0390625 0.053125
1 0.60390625 0.44375 0.0609375 0.09375
0 0.5296875 0.46875 0.05 0.065625
0 0.62109375 0.515625 0.0671875 0.090625
0 0.8203125 0.54296875 0.090625 0.0984375
1 0.7046875 0.59609375 0.0875 0.1296875
0 0.84453125 0.6375 0.0828125 0.1125
0 0.57578125 0.69609375 0.0953125 0.1453125
1 0.7859375 0.71015625 0.153125 0.2703125