1 0.325 0.31171875 0.040625 0.0640625
1 0.35546875 0.31875 0.0390625 0.059375
0 0.39609375 0.321875 0.0234375 0.03125
1 0.5109375 0.33359375 0.040625 0.0671875
0 0.55703125 0.34140625 0.0328125 0.0421875
0 0.590625 0.34140625 0.03125 0.0421875
0 0.47109375 0.346875 0.0359375 0.040625
0 0.384375 0.365625 0.034375 0.034375
1 0.6421875 0.3796875 0.040625 0.0625
0 0.5390625 0.3828125 0.0375 0.04375
0 0.59609375 0.384375 0.0421875 0.04375
1 0.2265625 0.40234375 0.053125 0.0921875
1 0.70390625 0.40234375 0.0546875 0.0828125
1 0.67265625 0.4125 0.0640625 0.053125
0 0.49609375 0.41796875 0.0484375 0.0609375
0 0.3625 0.425 0.04375 0.053125
0 0.27421875 0.44765625 0.0515625 0.0671875
1 0.60625 0.459375 0.053125 0.11875
1 0.1671875 0.46015625 0.0875 0.1171875
0 0.325 0.55 0.0625 0.096875
1 0.696875 0.565625 0.171875 0.3
0 0.56171875 0.625 0.1109375 0.15
0 0.05625 0.825 0.1125 0.178125
1 0.92109375 0.82890625 0.1578125 0.3421875
0 0.69765625 0.9796875 0.1296875 0.040625