1 0.5921875 0.35546875 0.053125 0.0859375
0 0.334375 0.3640625 0.0375 0.04375
1 0.64375 0.40390625 0.084375 0.1203125
0 0.4953125 0.41953125 0.040625 0.0484375
0 0.56796875 0.41953125 0.0390625 0.0515625
0 0.70546875 0.42109375 0.0453125 0.0578125
0 0.58984375 0.45703125 0.0453125 0.0609375
0 0.51015625 0.46875 0.0484375 0.065625
1 0.6421875 0.496875 0.071875 0.13125
0 0.5453125 0.515625 0.059375 0.096875
0 0.6828125 0.61015625 0.096875 0.1171875
0 0.94921875 0.75390625 0.1015625 0.1171875
1 0.8234375 0.778125 0.1375 0.209375