1 0.28515625 0.403125 0.0703125 0.10625
0 0.3625 0.4109375 0.059375 0.1
1 0.690625 0.43046875 0.071875 0.1484375
1 0.6125 0.43984375 0.075 0.1546875
0 0.740625 0.45625 0.05 0.06875
0 0.19921875 0.459375 0.0703125 0.1125
0 0.81484375 0.52109375 0.0828125 0.0921875
1 0.5515625 0.521875 0.11875 0.19375
0 0.3359375 0.53671875 0.1 0.1359375
0 0.215625 0.546875 0.121875 0.165625
0 0.8546875 0.64375 0.125 0.159375
0 0.31015625 0.65 0.1046875 0.1875
0 0.9828125 0.671875 0.034375 0.13125
0 0.05859375 0.79296875 0.1109375 0.2140625