1 0.33359375 0.35625 0.0390625 0.05
0 0.3859375 0.35859375 0.034375 0.0421875
1 0.55078125 0.36953125 0.0640625 0.1265625
0 0.48203125 0.38984375 0.0359375 0.0421875
0 0.60390625 0.39375 0.0359375 0.046875
1 0.6578125 0.39609375 0.071875 0.1078125
1 0.21953125 0.403125 0.0578125 0.078125
0 0.496875 0.43671875 0.04375 0.0609375
1 0.73125 0.475 0.11875 0.128125
0 0.62109375 0.484375 0.0546875 0.06875
0 0.51953125 0.50625 0.0609375 0.075
1 0.86015625 0.62890625 0.1828125 0.2296875
0 0.57421875 0.7 0.1015625 0.146875