1 0.26640625 0.36015625 0.0390625 0.0578125
0 0.3890625 0.36796875 0.028125 0.0390625
1 0.24296875 0.384375 0.0484375 0.06875
0 0.67890625 0.403125 0.0421875 0.04375
0 0.61875 0.409375 0.040625 0.05
0 0.56875 0.41328125 0.040625 0.0640625
1 0.265625 0.43125 0.059375 0.09375
0 0.67734375 0.45625 0.0609375 0.06875
0 0.35625 0.45703125 0.046875 0.0609375
0 0.16796875 0.46328125 0.0546875 0.0765625
1 0.21953125 0.49296875 0.0796875 0.1390625
0 0.51875 0.51015625 0.059375 0.0828125
0 0.325 0.553125 0.0625 0.071875
0 0.66640625 0.59375 0.0796875 0.1
1 0.85 0.61796875 0.215625 0.2140625
0 0.06796875 0.63125 0.1078125 0.121875
0 0.57109375 0.65546875 0.0890625 0.1234375
0 0.2828125 0.6671875 0.1 0.1125
0 0.83046875 0.80078125 0.1390625 0.1609375
0 0.20078125 0.90078125 0.1640625 0.1984375