0 0.384375 0.34765625 0.034375 0.0421875
0 0.55625 0.38984375 0.05 0.0828125
0 0.36875 0.41015625 0.046875 0.0546875
0 0.48828125 0.4125 0.0328125 0.0375
1 0.19453125 0.4234375 0.0734375 0.0625
1 0.6546875 0.42578125 0.05625 0.0765625
1 0.66328125 0.4265625 0.0703125 0.09375
0 0.57734375 0.42734375 0.0453125 0.0453125
0 0.50234375 0.43984375 0.0390625 0.0453125
0 0.5921875 0.45 0.0375 0.0625
0 0.5125 0.47734375 0.053125 0.0578125
0 0.3453125 0.4875 0.059375 0.059375
1 0.76875 0.49375 0.1 0.14375
1 0.62421875 0.50234375 0.0640625 0.1078125
0 0.53125 0.51953125 0.05625 0.0640625
1 0.6671875 0.553125 0.103125 0.178125
1 0.18203125 0.5625 0.1671875 0.265625
1 0.88828125 0.57109375 0.1671875 0.1671875
0 0.5609375 0.5765625 0.06875 0.09375
1 0.53671875 0.61171875 0.0734375 0.1265625
1 0.75 0.63671875 0.075 0.1359375
0 0.5890625 0.7078125 0.109375 0.11875
1 0.825 0.70703125 0.171875 0.3390625
0 0.2671875 0.80625 0.203125 0.190625
0 0.60546875 0.83203125 0.1171875 0.1265625
1 0.92890625 0.84375 0.1421875 0.309375
0 0.64140625 0.94375 0.1609375 0.103125