0 0.3921875 0.34140625 0.025 0.0328125
1 0.2875 0.34609375 0.053125 0.0546875
0 0.353125 0.346875 0.034375 0.04375
1 0.2734375 0.41953125 0.0875 0.1265625
0 0.365625 0.42109375 0.078125 0.0796875
1 0.69140625 0.43828125 0.1109375 0.1515625
0 0.6015625 0.459375 0.05625 0.071875
0 0.3515625 0.47265625 0.08125 0.0828125
0 0.73046875 0.50703125 0.0796875 0.0890625
0 0.521875 0.50859375 0.059375 0.0921875
0 0.63515625 0.53203125 0.0578125 0.0890625
0 0.53984375 0.5546875 0.0734375 0.1
0 0.79765625 0.5921875 0.0984375 0.1375
1 0.69375 0.625 0.128125 0.221875
1 0.92109375 0.640625 0.1578125 0.403125
0 0.6109375 0.65 0.10625 0.171875
0 0.17890625 0.671875 0.1484375 0.15625
1 0.55625 0.73125 0.128125 0.234375
1 0.8625 0.79453125 0.259375 0.4109375