0 0.34765625 0.353125 0.0265625 0.040625
1 0.2796875 0.35625 0.053125 0.08125
0 0.36640625 0.396875 0.0328125 0.04375
0 0.49296875 0.40234375 0.0421875 0.0421875
1 0.56796875 0.409375 0.0578125 0.096875
0 0.65625 0.41953125 0.04375 0.0484375
0 0.4890625 0.42578125 0.034375 0.0484375
0 0.50625 0.459375 0.046875 0.0625
0 0.7171875 0.46796875 0.0625 0.0734375
0 0.603125 0.47421875 0.05 0.0640625
0 0.5234375 0.525 0.05625 0.078125
1 0.8625 0.5875 0.21875 0.234375
0 0.303125 0.603125 0.084375 0.115625
0 0.55234375 0.646875 0.0953125 0.125
0 0.78046875 0.74921875 0.1359375 0.1734375
0 0.65 0.903125 0.140625 0.19375