0 0.353125 0.315625 0.053125 0.0875
0 0.3984375 0.32109375 0.021875 0.0453125
0 0.5203125 0.3890625 0.040625 0.05625
1 0.29765625 0.39140625 0.0640625 0.1046875
1 0.3625 0.4078125 0.05625 0.10625
1 0.58671875 0.41015625 0.0703125 0.1046875
0 0.496875 0.45 0.05625 0.071875
1 0.64296875 0.48125 0.1078125 0.1
0 0.51015625 0.50078125 0.0671875 0.0984375
1 0.678125 0.51875 0.10625 0.225
0 0.54453125 0.57109375 0.0921875 0.1203125
0 0.57265625 0.65625 0.1265625 0.184375
0 0.77734375 0.66171875 0.2671875 0.4359375
0 0.2671875 0.671875 0.109375 0.140625
0 0.6140625 0.8671875 0.146875 0.265625
0 0.11328125 0.87578125 0.0015625 0.0015625