0 0.51640625 0.3515625 0.0359375 0.05625
1 0.27734375 0.353125 0.0484375 0.09375
1 0.33046875 0.365625 0.0515625 0.0875
0 0.48125 0.36484375 0.040625 0.0453125
0 0.3828125 0.3703125 0.0375 0.04375
0 0.3546875 0.44375 0.05625 0.071875
1 0.62578125 0.45703125 0.1234375 0.1734375
0 0.51015625 0.46875 0.0640625 0.08125
1 0.83125 0.50859375 0.140625 0.1703125
1 0.05625 0.55390625 0.1125 0.1546875
0 0.553125 0.590625 0.08125 0.1125
0 0.2859375 0.634375 0.09375 0.1375
0 0.13203125 0.646875 0.1328125 0.15625
1 0.77421875 0.653125 0.2578125 0.375
0 0.13828125 0.721875 0.0015625 0.003125