1 0.4671875 0.328125 0.040625 0.0625
1 0.51875 0.3390625 0.040625 0.06875
0 0.384375 0.35 0.028125 0.0375
0 0.47578125 0.3578125 0.0359375 0.03125
1 0.54375 0.36953125 0.05625 0.0890625
1 0.603125 0.371875 0.05625 0.08125
0 0.4796875 0.384375 0.03125 0.0375
1 0.67734375 0.3984375 0.0953125 0.1125
0 0.62109375 0.40625 0.0328125 0.04375
0 0.49453125 0.41875 0.0390625 0.040625
0 0.56015625 0.425 0.0359375 0.053125
0 0.35 0.4375 0.053125 0.05625
0 0.50703125 0.45625 0.0515625 0.053125
0 0.578125 0.4625 0.053125 0.075
0 0.5109375 0.496875 0.059375 0.08125
0 0.2703125 0.534375 0.065625 0.08125
1 0.06640625 0.54765625 0.1328125 0.2046875
0 0.778125 0.55390625 0.034375 0.0953125
1 0.68515625 0.5625 0.1734375 0.28125
0 0.5546875 0.62109375 0.0875 0.1203125
0 0.8609375 0.65 0.084375 0.115625
0 0.59765625 0.80703125 0.1296875 0.1734375