0 0.36953125 0.38125 0.0328125 0.059375
0 0.4765625 0.38828125 0.04375 0.0515625
0 0.48984375 0.42421875 0.0546875 0.0515625
1 0.60390625 0.42421875 0.0671875 0.0984375
1 0.72109375 0.434375 0.1359375 0.15
0 0.54296875 0.4375 0.0703125 0.078125
0 0.353125 0.44375 0.059375 0.071875
0 0.5015625 0.48046875 0.053125 0.0859375
1 0.16953125 0.50546875 0.1546875 0.2484375
1 0.65078125 0.515625 0.0546875 0.109375
0 0.878125 0.5375 0.1 0.08125
0 0.5234375 0.54375 0.065625 0.109375
1 0.721875 0.5515625 0.134375 0.21875
0 0.56171875 0.62578125 0.0921875 0.1390625
0 0.58984375 0.75859375 0.1296875 0.1921875
1 0.88203125 0.79375 0.2359375 0.4125