1 0.546875 0.365625 0.0625 0.090625
0 0.48046875 0.3953125 0.0328125 0.04375
0 0.48828125 0.4078125 0.0328125 0.03125
0 0.553125 0.4140625 0.040625 0.04375
0 0.49765625 0.434375 0.0515625 0.05625
0 0.56484375 0.44375 0.0359375 0.059375
0 0.50859375 0.47890625 0.0515625 0.0828125
1 0.65703125 0.521875 0.1390625 0.24375
0 0.74609375 0.53125 0.0546875 0.090625
0 0.30625 0.540625 0.06875 0.090625
0 0.54140625 0.56953125 0.0765625 0.0984375
0 0.578125 0.70625 0.103125 0.125
1 0.8890625 0.7796875 0.221875 0.440625