0 0.3703125 0.4 0.04375 0.0625
0 0.4953125 0.40546875 0.0375 0.0515625
0 0.29375 0.41015625 0.046875 0.0703125
1 0.6421875 0.41328125 0.06875 0.0890625
0 0.36328125 0.44140625 0.0578125 0.0796875
1 0.2375 0.44921875 0.134375 0.1890625
0 0.5359375 0.49375 0.059375 0.1
1 0.0890625 0.49453125 0.159375 0.1734375
1 0.7578125 0.525 0.1 0.159375
0 0.86171875 0.5625 0.0765625 0.109375
0 0.6671875 0.58046875 0.0875 0.1234375
1 0.1328125 0.6640625 0.2125 0.31875
0 0.30546875 0.67421875 0.1296875 0.1609375
0 0.60703125 0.70390625 0.1140625 0.1671875
0 0.925 0.8875 0.15 0.221875