0 0.40234375 0.30625 0.0203125 0.03125
0 0.39921875 0.31640625 0.0234375 0.0328125
1 0.540625 0.32109375 0.028125 0.0421875
1 0.34609375 0.32421875 0.0328125 0.0515625
0 0.39375 0.34609375 0.034375 0.0296875
0 0.52578125 0.365625 0.0328125 0.040625
1 0.23671875 0.36640625 0.0578125 0.0921875
1 0.31171875 0.37109375 0.0515625 0.0921875
0 0.4921875 0.38515625 0.0375 0.0578125
1 0.21328125 0.40546875 0.0609375 0.0890625
0 0.36015625 0.43125 0.0484375 0.06875
0 0.31171875 0.5546875 0.0796875 0.1
1 0.18203125 0.56640625 0.1578125 0.2453125
1 0.04921875 0.56875 0.0984375 0.178125
0 0.64296875 0.61640625 0.1046875 0.1546875
0 0.6203125 0.82890625 0.153125 0.2578125