1 0.3734375 0.37109375 0.03125 0.0421875
1 0.65546875 0.42109375 0.0671875 0.1046875
0 0.5984375 0.4453125 0.040625 0.05625
1 0.15 0.47109375 0.071875 0.0953125
0 0.51328125 0.47578125 0.0453125 0.0609375
0 0.3484375 0.478125 0.059375 0.0875
1 0.7484375 0.48671875 0.09375 0.1484375
0 0.5328125 0.52265625 0.053125 0.0578125
1 0.66484375 0.52265625 0.1328125 0.1546875
1 0.6671875 0.546875 0.09375 0.203125
1 0.84921875 0.565625 0.1390625 0.2
0 0.55859375 0.56953125 0.0578125 0.1140625
0 0.315625 0.62109375 0.103125 0.1421875
1 0.5328125 0.62265625 0.06875 0.1578125
0 0.58359375 0.721875 0.1140625 0.15
1 0.85078125 0.740625 0.2328125 0.38125
1 0.1015625 0.74296875 0.203125 0.4515625
0 0.61484375 0.83828125 0.1203125 0.1515625
1 0.9296875 0.84375 0.128125 0.2875
0 0.63671875 0.953125 0.1078125 0.09375