1 0.359375 0.31328125 0.046875 0.0734375
0 0.3921875 0.340625 0.0375 0.05625
0 0.384375 0.36875 0.040625 0.053125
1 0.2859375 0.421875 0.075 0.1125
1 0.3703125 0.421875 0.05 0.075
0 0.5765625 0.42109375 0.04375 0.0546875
1 0.64921875 0.42421875 0.0609375 0.0734375
1 0.15859375 0.459375 0.1140625 0.140625
1 0.7375 0.484375 0.103125 0.165625
0 0.51171875 0.5046875 0.0703125 0.075
0 0.2453125 0.50859375 0.0625 0.0921875
1 0.62578125 0.515625 0.0671875 0.134375
0 0.33125 0.540625 0.071875 0.0875
1 0.67421875 0.54375 0.1015625 0.18125
0 0.5171875 0.54765625 0.06875 0.1046875
1 0.909375 0.57109375 0.18125 0.2046875
0 0.5515625 0.60859375 0.08125 0.1171875
1 0.75234375 0.6296875 0.0859375 0.1375
0 0.56015625 0.69765625 0.1015625 0.1546875
1 0.87421875 0.76953125 0.2515625 0.4609375
0 0.7234375 0.8625 0.146875 0.265625
0 0.59453125 0.921875 0.1140625 0.15625