1 0.3546875 0.315625 0.053125 0.078125
0 0.39609375 0.33671875 0.0328125 0.0484375
0 0.2796875 0.3625 0.04375 0.05
1 0.6359375 0.38984375 0.08125 0.1171875
0 0.26796875 0.39921875 0.0546875 0.0484375
0 0.5734375 0.42265625 0.040625 0.0671875
0 0.59765625 0.45625 0.0515625 0.08125
1 0.78671875 0.47265625 0.2015625 0.2171875
0 0.51796875 0.49375 0.0578125 0.084375
1 0.62109375 0.50625 0.0640625 0.1375
0 0.53125 0.52421875 0.0625 0.0734375
1 0.67109375 0.55625 0.1171875 0.203125
1 0.19609375 0.5625 0.1953125 0.234375
0 0.56328125 0.56953125 0.0734375 0.1140625
1 0.53515625 0.628125 0.0890625 0.19375
0 0.58359375 0.728125 0.1265625 0.178125
1 0.84765625 0.73046875 0.2390625 0.4140625
0 0.628125 0.87265625 0.178125 0.2421875
1 0.95390625 0.890625 0.0921875 0.21875