1 0.328125 0.315625 0.028125 0.04375
0 0.396875 0.33046875 0.025 0.0359375
0 0.36015625 0.334375 0.0234375 0.034375
1 0.61328125 0.365625 0.0671875 0.090625
0 0.48359375 0.375 0.0296875 0.03125
1 0.30625 0.3890625 0.05625 0.08125
0 0.54375 0.39453125 0.0375 0.0484375
0 0.24375 0.40703125 0.053125 0.0734375
0 0.4953125 0.41015625 0.04375 0.0578125
0 0.5046875 0.46875 0.053125 0.078125
0 0.1671875 0.490625 0.0625 0.078125
0 0.32578125 0.515625 0.0671875 0.0875
1 0.67109375 0.52890625 0.1609375 0.2671875
1 0.934375 0.57578125 0.13125 0.1984375
0 0.54375 0.5765625 0.078125 0.10625
1 0.91953125 0.68125 0.1609375 0.2
0 0.26328125 0.74609375 0.1046875 0.1328125
0 0.61875 0.7875 0.13125 0.196875