1 0.6609375 0.41171875 0.0875 0.1234375
1 0.5921875 0.440625 0.09375 0.15625
1 0.71875 0.48515625 0.1 0.1078125
0 0.50859375 0.490625 0.0546875 0.078125
1 0.125 0.540625 0.1 0.13125
0 0.53046875 0.5625 0.0765625 0.10625
1 0.8203125 0.56953125 0.125 0.1640625
0 0.2890625 0.653125 0.1 0.11875
0 0.55703125 0.66875 0.0953125 0.140625
0 0.77421875 0.728125 0.1328125 0.171875
0 0.596875 0.759375 0.10625 0.16875
0 0.06796875 0.79296875 0.1265625 0.1765625
1 0.95 0.8375 0.1 0.325
0 0.659375 0.9078125 0.175 0.184375