1 0.328125 0.3125 0.053125 0.05625
1 0.35546875 0.3296875 0.0484375 0.0625
1 0.325 0.359375 0.040625 0.071875
0 0.3859375 0.37578125 0.040625 0.0515625
1 0.25703125 0.43046875 0.1015625 0.2015625
0 0.50859375 0.46796875 0.0640625 0.0609375
0 0.35390625 0.46875 0.0546875 0.084375
0 0.53203125 0.50859375 0.0828125 0.0703125
0 0.77421875 0.54140625 0.0578125 0.0921875
1 0.68515625 0.55625 0.1671875 0.29375
0 0.54375 0.56171875 0.075 0.1015625
0 0.5640625 0.659375 0.090625 0.15625
1 0.8703125 0.8015625 0.259375 0.396875
0 0.65078125 0.9171875 0.1890625 0.165625