1 0.35859375 0.31796875 0.0546875 0.0734375
1 0.31171875 0.3234375 0.0390625 0.05
0 0.3359375 0.3703125 0.0375 0.05625
1 0.66171875 0.41171875 0.0671875 0.1109375
0 0.56796875 0.4375 0.0484375 0.071875
1 0.5984375 0.4640625 0.059375 0.10625
0 0.5015625 0.4921875 0.059375 0.075
1 0.6359375 0.49375 0.090625 0.178125
0 0.52890625 0.54375 0.0640625 0.103125
1 0.165625 0.57109375 0.228125 0.2828125
1 0.72421875 0.621875 0.0421875 0.1375
0 0.53984375 0.634375 0.0734375 0.140625
1 0.83359375 0.68359375 0.1859375 0.3046875
0 0.65234375 0.68515625 0.1046875 0.1828125
0 0.23515625 0.78515625 0.1140625 0.1671875
1 0.91328125 0.8265625 0.1734375 0.346875
0 0.5953125 0.89375 0.14375 0.2125