0 0.35390625 0.28984375 0.0203125 0.0296875
1 0.33203125 0.29375 0.0265625 0.04375
1 0.45859375 0.30703125 0.0203125 0.0390625
0 0.3109375 0.32734375 0.028125 0.0296875
0 0.3921875 0.3296875 0.021875 0.025
0 0.50703125 0.32890625 0.0109375 0.0328125
1 0.35078125 0.334375 0.0359375 0.0625
0 0.47265625 0.33515625 0.0234375 0.0296875
0 0.28359375 0.353125 0.0328125 0.025
0 0.390625 0.353125 0.04375 0.025
0 0.52265625 0.36015625 0.0171875 0.0546875
0 0.47578125 0.36953125 0.0265625 0.0515625
0 0.38671875 0.384375 0.0359375 0.04375
1 0.578125 0.39375 0.084375 0.125
1 0.28828125 0.4078125 0.0546875 0.10625
0 0.3625 0.41875 0.03125 0.06875
1 0.20390625 0.41875 0.1046875 0.153125
0 0.49765625 0.43671875 0.0390625 0.0609375
1 0.646875 0.471875 0.1 0.196875
0 0.5625 0.665625 0.078125 0.121875
0 0.27734375 0.69375 0.1359375 0.19375
1 0.90625 0.765625 0.1875 0.3375