1 0.546875 0.365625 0.0625 0.090625
0 0.48046875 0.3953125 0.0328125 0.04375
0 0.48828125 0.4078125 0.0328125 0.03125
0 0.553125 0.4140625 0.040625 0.04375
0 0.49765625 0.434375 0.0515625 0.05625
0 0.56484375 0.44375 0.0359375 0.059375
0 0.51171875 0.48359375 0.0515625 0.0828125
0 0.31796875 0.515625 0.0609375 0.075
0 0.74609375 0.53125 0.0546875 0.090625
1 0.66953125 0.53671875 0.1578125 0.2484375
0 0.54296875 0.584375 0.0828125 0.10625
0 0.5859375 0.73359375 0.109375 0.1421875
1 0.8890625 0.7796875 0.221875 0.440625