1 0.35390625 0.3359375 0.0390625 0.05
1 0.28984375 0.33671875 0.0359375 0.0640625
0 0.4703125 0.353125 0.034375 0.0375
1 0.56015625 0.3765625 0.0703125 0.13125
0 0.478125 0.38125 0.034375 0.040625
0 0.61796875 0.40234375 0.0390625 0.0546875
1 0.67265625 0.41015625 0.0796875 0.1171875
0 0.49140625 0.43046875 0.0359375 0.0515625
0 0.3390625 0.475 0.05625 0.075
0 0.51171875 0.48671875 0.0578125 0.0734375
1 0.778125 0.51796875 0.128125 0.1484375
0 0.6734375 0.58515625 0.078125 0.0953125
0 0.54765625 0.59140625 0.0734375 0.0921875
0 0.63125 0.8953125 0.140625 0.209375