1 0.2609375 0.35390625 0.075 0.1078125
1 0.6078125 0.44140625 0.06875 0.1421875
0 0.3578125 0.45078125 0.05625 0.0859375
0 0.50625 0.453125 0.05 0.078125
0 0.2640625 0.465625 0.053125 0.059375
1 0.65234375 0.50390625 0.0828125 0.1203125
0 0.53203125 0.55234375 0.0671875 0.0921875
1 0.878125 0.58515625 0.18125 0.3046875
0 0.321875 0.6125 0.075 0.09375
0 0.1609375 0.64765625 0.103125 0.1171875
0 0.57890625 0.71796875 0.1078125 0.1765625
1 0.82734375 0.75703125 0.3453125 0.4859375
0 0.225 0.87578125 0.140625 0.1859375