0 0.390625 0.33828125 0.03125 0.0359375
1 0.34765625 0.34375 0.0390625 0.05
1 0.27109375 0.35546875 0.0453125 0.0640625
1 0.55859375 0.37421875 0.0640625 0.1265625
0 0.6078125 0.39765625 0.04375 0.0546875
1 0.66796875 0.40625 0.0796875 0.115625
0 0.48828125 0.41796875 0.0359375 0.0515625
0 0.51015625 0.47578125 0.0578125 0.0640625
1 0.7671875 0.509375 0.128125 0.146875
0 0.64921875 0.534375 0.0703125 0.084375
0 0.3125 0.55546875 0.071875 0.0890625
0 0.53671875 0.55625 0.0640625 0.0875
0 0.6046875 0.815625 0.11875 0.1875