0 0.4796875 0.37421875 0.034375 0.0390625
1 0.55234375 0.38359375 0.0484375 0.0921875
0 0.48984375 0.40625 0.0421875 0.05625
1 0.63828125 0.41640625 0.0890625 0.0953125
0 0.5140625 0.428125 0.040625 0.05
1 0.26640625 0.4375 0.0671875 0.103125
0 0.16875 0.475 0.059375 0.065625
1 0.51171875 0.475 0.0640625 0.1125
0 0.76875 0.48046875 0.065625 0.0765625
0 0.85625 0.54453125 0.08125 0.0890625
1 0.65859375 0.55625 0.1140625 0.165625
1 0.7921875 0.58828125 0.115625 0.1359375
0 0.55546875 0.6 0.0828125 0.121875
1 0.95 0.734375 0.1 0.203125
0 0.79921875 0.76015625 0.1296875 0.1796875
0 0.62890625 0.84921875 0.1421875 0.2234375