1 0.28359375 0.34921875 0.0421875 0.0609375
1 0.54765625 0.378125 0.0640625 0.103125
0 0.36875 0.378125 0.034375 0.04375
0 0.59921875 0.38125 0.0390625 0.05
1 0.62890625 0.4109375 0.0484375 0.0625
0 0.490625 0.41171875 0.0375 0.0484375
0 0.58515625 0.459375 0.0515625 0.0625
0 0.66953125 0.46015625 0.0609375 0.0703125
0 0.52578125 0.49140625 0.0546875 0.0703125
1 0.74453125 0.509375 0.0953125 0.1375
1 0.06015625 0.56015625 0.1203125 0.1578125
0 0.6828125 0.59375 0.1 0.125
0 0.55 0.603125 0.08125 0.10625
0 0.2796875 0.64921875 0.103125 0.1109375
0 0.65390625 0.85 0.1703125 0.24375