0 0.39140625 0.325 0.0265625 0.034375
1 0.54296875 0.35859375 0.0609375 0.1203125
1 0.32421875 0.371875 0.0390625 0.059375
0 0.59765625 0.38125 0.0359375 0.046875
0 0.37265625 0.38984375 0.0421875 0.0421875
0 0.48203125 0.38984375 0.0359375 0.0421875
1 0.653125 0.39296875 0.0625 0.1015625
0 0.496875 0.43671875 0.04375 0.0609375
1 0.71484375 0.4625 0.0953125 0.10625
0 0.615625 0.4625 0.05 0.053125
1 0.15625 0.475 0.084375 0.121875
0 0.51328125 0.490625 0.0609375 0.075
1 0.765625 0.559375 0.134375 0.184375
0 0.5515625 0.634375 0.090625 0.125
1 0.865625 0.79140625 0.26875 0.4171875
0 0.6609375 0.9 0.1625 0.2