0 0.37890625 0.371875 0.0328125 0.040625
0 0.61640625 0.378125 0.0390625 0.040625
0 0.321875 0.3875 0.040625 0.04375
1 0.5546875 0.38671875 0.046875 0.0734375
0 0.49453125 0.39765625 0.0359375 0.0328125
0 0.48984375 0.41640625 0.0328125 0.0421875
0 0.63984375 0.4171875 0.0609375 0.05
0 0.57265625 0.421875 0.0390625 0.046875
0 0.4984375 0.42890625 0.0375 0.0328125
0 0.35546875 0.43125 0.0390625 0.05625
0 0.28984375 0.43203125 0.0453125 0.0484375
1 0.16328125 0.4375 0.0953125 0.128125
0 0.50703125 0.46640625 0.0453125 0.0703125
1 0.76015625 0.49609375 0.1421875 0.1671875
0 0.23984375 0.5046875 0.0640625 0.0625
0 0.52578125 0.54375 0.0671875 0.096875
0 0.65390625 0.553125 0.0796875 0.1125
1 0.8484375 0.63046875 0.10625 0.1359375
0 0.9625 0.640625 0.075 0.13125
0 0.5734375 0.6515625 0.096875 0.11875
0 0.9546875 0.77890625 0.090625 0.1453125
0 0.8375 0.82421875 0.15625 0.2015625
0 0.69140625 0.903125 0.1546875 0.19375