1 0.30703125 0.37734375 0.0515625 0.0796875
1 0.56171875 0.403125 0.0453125 0.1
0 0.234375 0.4203125 0.046875 0.05625
0 0.4953125 0.428125 0.040625 0.05
1 0.6609375 0.434375 0.1 0.090625
0 0.525 0.45078125 0.040625 0.0515625
1 0.5234375 0.52578125 0.065625 0.1265625
0 0.3171875 0.54609375 0.065625 0.0671875
0 0.88203125 0.575 0.0890625 0.109375
1 0.7234375 0.64609375 0.140625 0.2171875
1 0.8546875 0.64921875 0.134375 0.1890625
0 0.5890625 0.678125 0.10625 0.146875
1 0.0609375 0.77578125 0.121875 0.2640625
0 0.92265625 0.921875 0.1546875 0.15625