1 0.58125 0.35234375 0.021875 0.0703125
0 0.27578125 0.36171875 0.0359375 0.0484375
1 0.3265625 0.3625 0.05625 0.1
1 0.534375 0.365625 0.05 0.071875
0 0.37421875 0.38046875 0.0265625 0.0234375
0 0.4875 0.38046875 0.040625 0.0609375
0 0.6453125 0.38515625 0.046875 0.0578125
0 0.371875 0.41875 0.040625 0.05625
0 0.7234375 0.44765625 0.05625 0.0828125
0 0.5078125 0.47421875 0.0625 0.0984375
1 0.0734375 0.5484375 0.140625 0.1875
0 0.909375 0.56953125 0.08125 0.1234375
1 0.8359375 0.590625 0.121875 0.2
0 0.59921875 0.71015625 0.1296875 0.1953125
0 0.26484375 0.7125 0.0984375 0.171875
0 0.890625 0.86640625 0.178125 0.2296875