1 0.55703125 0.371875 0.0515625 0.0875
1 0.31328125 0.38046875 0.0453125 0.0734375
0 0.3734375 0.396875 0.04375 0.04375
0 0.49296875 0.4140625 0.0359375 0.04375
1 0.57265625 0.41484375 0.0296875 0.0703125
1 0.1890625 0.41875 0.11875 0.165625
0 0.28203125 0.4375 0.0484375 0.05625
0 0.3515625 0.45 0.040625 0.05625
1 0.71875 0.459375 0.1 0.18125
0 0.50390625 0.4703125 0.0515625 0.08125
1 0.6453125 0.48828125 0.153125 0.2390625
1 0.18828125 0.52734375 0.0765625 0.0828125
0 0.53984375 0.5625 0.0703125 0.103125
1 0.28984375 0.66015625 0.1296875 0.1828125
0 0.121875 0.68125 0.1125 0.10625