0 0.3765625 0.3375 0.028125 0.034375
0 0.5171875 0.353125 0.03125 0.0375
1 0.2796875 0.359375 0.04375 0.05625
0 0.38515625 0.359375 0.0328125 0.034375
0 0.47734375 0.36953125 0.0296875 0.0484375
0 0.3765625 0.38671875 0.0375 0.0484375
0 0.3171875 0.390625 0.0375 0.046875
1 0.66171875 0.390625 0.0640625 0.103125
1 0.5703125 0.39296875 0.075 0.1390625
0 0.490625 0.41328125 0.040625 0.0515625
1 0.690625 0.4578125 0.071875 0.09375
0 0.5046875 0.459375 0.053125 0.071875
0 0.52734375 0.56171875 0.0796875 0.1109375
1 0.08125 0.6890625 0.1625 0.28125
0 0.5953125 0.7203125 0.103125 0.14375