0 0.40234375 0.30625 0.0203125 0.03125
0 0.39921875 0.31640625 0.0234375 0.0328125
1 0.5375 0.31640625 0.028125 0.0421875
1 0.34609375 0.32421875 0.0328125 0.0515625
0 0.39375 0.34609375 0.034375 0.0296875
0 0.515625 0.35703125 0.028125 0.0390625
1 0.23671875 0.36640625 0.0578125 0.0921875
1 0.31171875 0.37109375 0.0515625 0.0921875
0 0.48515625 0.37578125 0.0328125 0.0515625
1 0.19140625 0.43046875 0.0609375 0.0890625
0 0.34921875 0.4625 0.0484375 0.06875
0 0.6046875 0.5375 0.071875 0.09375
1 0.1484375 0.61328125 0.165625 0.2640625
0 0.2828125 0.64453125 0.0875 0.1265625
0 0.55234375 0.65 0.1046875 0.153125
0 0.903125 0.9015625 0.19375 0.196875