0 0.33828125 0.2875 0.0265625 0.0375
0 0.49453125 0.31640625 0.0171875 0.0171875
1 0.296875 0.31875 0.034375 0.065625
0 0.4625 0.31953125 0.015625 0.0234375
0 0.39296875 0.328125 0.0203125 0.03125
1 0.346875 0.334375 0.0375 0.0625
0 0.51015625 0.3484375 0.0171875 0.05
0 0.46328125 0.35 0.0296875 0.034375
1 0.54453125 0.353125 0.0515625 0.0875
1 0.31875 0.36796875 0.04375 0.0890625
0 0.3828125 0.36875 0.01875 0.0375
0 0.48203125 0.37265625 0.0359375 0.0453125
0 0.2640625 0.38125 0.034375 0.05
1 0.58359375 0.415625 0.0890625 0.15
0 0.20625 0.42421875 0.053125 0.0359375
0 0.36796875 0.425 0.0421875 0.046875
0 0.5 0.45078125 0.0375 0.0734375
1 0.7 0.478125 0.075 0.134375
0 0.3515625 0.490625 0.05 0.05625
0 0.1 0.51875 0.05 0.059375
1 0.1921875 0.53828125 0.09375 0.1734375
1 0.0359375 0.6125 0.071875 0.209375
0 0.30390625 0.640625 0.0703125 0.109375
1 0.94609375 0.753125 0.1078125 0.23125
0 0.6484375 0.91484375 0.11875 0.1546875