1 0.31015625 0.35546875 0.0640625 0.0984375
0 0.55859375 0.40625 0.0359375 0.046875
1 0.6421875 0.41015625 0.078125 0.1078125
1 0.259375 0.41875 0.096875 0.14375
0 0.4953125 0.41875 0.040625 0.05
0 0.3640625 0.4375 0.046875 0.0625
1 0.1796875 0.44296875 0.065625 0.0765625
0 0.59296875 0.45390625 0.0484375 0.0578125
1 0.10546875 0.50625 0.0921875 0.115625
0 0.64453125 0.521875 0.0703125 0.090625
0 0.5515625 0.60859375 0.075 0.1171875
1 0.91640625 0.68828125 0.1609375 0.2140625
0 0.76484375 0.7703125 0.1265625 0.15625
1 0.646875 0.884375 0.153125 0.221875