0 0.384375 0.346875 0.028125 0.034375
1 0.53515625 0.359375 0.0421875 0.059375
1 0.27265625 0.36875 0.0453125 0.0625
0 0.48046875 0.375 0.0328125 0.040625
0 0.54375 0.403125 0.025 0.0375
1 0.63984375 0.41015625 0.0390625 0.0546875
0 0.48984375 0.41875 0.0390625 0.05625
1 0.59453125 0.428125 0.0859375 0.1375
1 0.690625 0.46328125 0.075 0.0859375
0 0.51171875 0.48125 0.0546875 0.065625
0 0.775 0.56328125 0.078125 0.0984375
0 0.66953125 0.58046875 0.0859375 0.1015625
0 0.58984375 0.678125 0.0890625 0.121875
1 0.93125 0.68125 0.1375 0.225