1 0.59765625 0.34609375 0.0484375 0.0796875
1 0.54921875 0.371875 0.0671875 0.1
1 0.2078125 0.39609375 0.084375 0.1171875
1 0.30078125 0.40234375 0.0671875 0.0703125
0 0.49296875 0.44453125 0.0390625 0.0640625
0 0.3546875 0.45 0.046875 0.053125
0 0.271875 0.4625 0.059375 0.071875
0 0.18984375 0.46640625 0.0640625 0.0546875
1 0.63828125 0.46796875 0.1078125 0.1890625
1 0.81875 0.5734375 0.15625 0.1625
1 0.17265625 0.5796875 0.1234375 0.1875
0 0.55390625 0.615625 0.0734375 0.125
1 0.7640625 0.625 0.146875 0.2625
0 0.24453125 0.828125 0.1390625 0.1875