1 0.24609375 0.378125 0.0828125 0.09375
0 0.38125 0.38828125 0.046875 0.0734375
1 0.665625 0.409375 0.071875 0.146875
1 0.5921875 0.41015625 0.075 0.1546875
0 0.72734375 0.446875 0.0421875 0.059375
1 0.5265625 0.46875 0.11875 0.184375
1 0.2328125 0.490625 0.103125 0.159375
0 0.34296875 0.49375 0.0734375 0.1125
0 0.84375 0.53125 0.1 0.115625
0 0.12734375 0.53984375 0.1015625 0.1171875
0 0.76328125 0.55625 0.0921875 0.153125
1 0.9515625 0.7125 0.096875 0.259375
0 0.2671875 0.75390625 0.125 0.1828125
1 0.0796875 0.765625 0.15625 0.23125