0 0.33671875 0.35703125 0.0296875 0.0359375
1 0.55703125 0.3796875 0.0671875 0.125
1 0.22890625 0.384375 0.0984375 0.121875
1 0.60859375 0.3890625 0.0359375 0.06875
0 0.37578125 0.38828125 0.0296875 0.0390625
1 0.49453125 0.39375 0.0640625 0.11875
0 0.3109375 0.40546875 0.034375 0.0515625
1 0.65078125 0.421875 0.0546875 0.090625
0 0.3640625 0.43125 0.040625 0.059375
0 0.5234375 0.471875 0.059375 0.090625
1 0.2234375 0.48515625 0.115625 0.1671875
0 0.31953125 0.525 0.0671875 0.0875
0 0.8453125 0.64453125 0.10625 0.1390625
0 0.66796875 0.678125 0.0984375 0.15
0 0.25234375 0.709375 0.1109375 0.121875
0 0.05 0.8015625 0.1 0.15625