1 0.59296875 0.34375 0.0484375 0.078125
1 0.2625 0.34921875 0.06875 0.1109375
1 0.53984375 0.3546875 0.0578125 0.0875
1 0.32109375 0.3703125 0.0390625 0.06875
1 0.19765625 0.40703125 0.0921875 0.1140625
1 0.29375 0.41484375 0.0625 0.0703125
0 0.48984375 0.428125 0.0390625 0.065625
1 0.62265625 0.45859375 0.0921875 0.1703125
0 0.34921875 0.46875 0.0546875 0.0625
0 0.2609375 0.47734375 0.059375 0.0703125
0 0.17265625 0.49375 0.0640625 0.0625
1 0.7875 0.5421875 0.140625 0.1625
0 0.53984375 0.5703125 0.0671875 0.09375
1 0.73125 0.58984375 0.125 0.2328125
1 0.12890625 0.62890625 0.1453125 0.2078125
0 0.20234375 0.9296875 0.1734375 0.140625