1 0.30859375 0.36875 0.0984375 0.090625
0 0.53125 0.40234375 0.034375 0.0578125
1 0.20234375 0.41328125 0.0921875 0.1265625
0 0.653125 0.42890625 0.046875 0.0671875
1 0.58359375 0.43203125 0.0421875 0.0890625
0 0.48671875 0.45859375 0.0484375 0.0796875
1 0.60546875 0.459375 0.0578125 0.090625
1 0.7484375 0.4625 0.134375 0.14375
0 0.25546875 0.496875 0.1203125 0.1
0 0.5109375 0.509375 0.078125 0.103125
0 0.59453125 0.5421875 0.0796875 0.125
1 0.68515625 0.575 0.0421875 0.11875
0 0.5390625 0.59296875 0.09375 0.1390625
1 0.79453125 0.628125 0.1765625 0.278125
0 0.58671875 0.74375 0.1140625 0.175
1 0.89453125 0.81015625 0.2109375 0.3796875
0 0.63984375 0.89375 0.1703125 0.2125