0 0.38203125 0.36171875 0.0328125 0.0390625
0 0.3328125 0.3640625 0.034375 0.04375
1 0.24375 0.378125 0.0625 0.096875
0 0.3203125 0.3875 0.0375 0.040625
1 0.5578125 0.3921875 0.053125 0.0875
0 0.49453125 0.39765625 0.0359375 0.0328125
0 0.63671875 0.40625 0.0390625 0.05
0 0.49140625 0.42265625 0.0328125 0.0421875
0 0.675 0.44140625 0.053125 0.0578125
0 0.5890625 0.44375 0.04375 0.05
0 0.50625 0.45390625 0.046875 0.0546875
0 0.34140625 0.478125 0.0578125 0.059375
0 0.51484375 0.48984375 0.0453125 0.0703125
1 0.803125 0.528125 0.178125 0.209375
0 0.5421875 0.603125 0.08125 0.115625
0 0.71875 0.659375 0.1125 0.140625
1 0.93828125 0.725 0.1234375 0.159375
0 0.609375 0.77890625 0.115625 0.1703125