0 0.47578125 0.3578125 0.0359375 0.03125
1 0.54375 0.36953125 0.05625 0.0890625
0 0.4796875 0.384375 0.03125 0.0375
1 0.66015625 0.396875 0.0953125 0.11875
0 0.49296875 0.4078125 0.0390625 0.03125
0 0.54609375 0.41953125 0.0234375 0.0515625
1 0.1921875 0.425 0.096875 0.11875
0 0.36015625 0.440625 0.0453125 0.05625
0 0.49921875 0.44765625 0.0515625 0.0546875
1 0.60390625 0.459375 0.0953125 0.165625
0 0.51640625 0.49453125 0.0609375 0.0609375
0 0.53671875 0.553125 0.0671875 0.08125
0 0.8234375 0.584375 0.071875 0.115625
1 0.74609375 0.59609375 0.1796875 0.2953125
0 0.55703125 0.640625 0.0890625 0.121875
0 0.93828125 0.73359375 0.1234375 0.1421875