0 0.4 0.315625 0.028125 0.0375
0 0.3625 0.31875 0.03125 0.028125
1 0.3046875 0.3296875 0.05625 0.0875
0 0.3828125 0.353125 0.040625 0.05
1 0.5375 0.3625 0.0625 0.109375
0 0.63828125 0.409375 0.0421875 0.059375
0 0.35703125 0.42734375 0.0546875 0.0796875
1 0.578125 0.428125 0.084375 0.125
0 0.68203125 0.446875 0.0578125 0.08125
0 0.515625 0.48671875 0.06875 0.0859375
0 0.77421875 0.51484375 0.0734375 0.0953125
0 0.62734375 0.521875 0.0703125 0.09375
0 0.53828125 0.56796875 0.0796875 0.1015625
1 0.88828125 0.64453125 0.2234375 0.3015625
0 0.57265625 0.73125 0.1140625 0.18125
0 0.196875 0.8734375 0.1625 0.253125
0 0.859375 0.87890625 0.2 0.2421875