0 0.3734375 0.30390625 0.03125 0.0296875
1 0.3203125 0.309375 0.03125 0.046875
0 0.384375 0.35546875 0.028125 0.0359375
1 0.5453125 0.36875 0.0625 0.096875
0 0.48515625 0.38828125 0.0328125 0.0359375
0 0.49765625 0.41640625 0.0421875 0.0453125
0 0.67421875 0.44375 0.0515625 0.059375
0 0.3484375 0.45703125 0.05 0.0640625
1 0.609375 0.46875 0.08125 0.1375
0 0.503125 0.46953125 0.05 0.0765625
0 0.7265625 0.49375 0.065625 0.096875
0 0.5328125 0.54375 0.0625 0.096875
0 0.67265625 0.590625 0.0828125 0.121875
0 0.91875 0.61171875 0.09375 0.1109375
0 0.5703125 0.65390625 0.09375 0.1328125
0 0.6125 0.890625 0.15625 0.21875