0 0.38046875 0.3578125 0.0359375 0.04375
1 0.53828125 0.36171875 0.0453125 0.0734375
0 0.28046875 0.3703125 0.0390625 0.04375
1 0.640625 0.390625 0.06875 0.1125
0 0.5015625 0.4109375 0.034375 0.05
1 0.5890625 0.41015625 0.08125 0.1296875
0 0.70390625 0.415625 0.0421875 0.053125
0 0.346875 0.43671875 0.05 0.0640625
0 0.52421875 0.49765625 0.0546875 0.0703125
1 0.7734375 0.509375 0.15625 0.171875
1 0.6515625 0.53515625 0.078125 0.1421875
0 0.55 0.61015625 0.075 0.1046875
1 0.76484375 0.659375 0.1703125 0.30625