1 0.30234375 0.38984375 0.0515625 0.0796875
1 0.56171875 0.403125 0.0453125 0.1
0 0.2296875 0.425 0.046875 0.05625
0 0.4953125 0.428125 0.040625 0.05
1 0.6578125 0.43203125 0.103125 0.0984375
0 0.525 0.45078125 0.040625 0.0515625
1 0.521875 0.515625 0.065625 0.128125
0 0.859375 0.54375 0.084375 0.075
0 0.309375 0.5828125 0.071875 0.08125
1 0.7140625 0.621875 0.128125 0.203125
1 0.8375 0.621875 0.13125 0.18125
0 0.96484375 0.65625 0.0703125 0.134375
0 0.58203125 0.6609375 0.0953125 0.1375
1 0.03359375 0.8484375 0.0671875 0.275
0 0.9109375 0.9046875 0.178125 0.190625