0 0.4734375 0.3640625 0.028125 0.03125
1 0.54375 0.365625 0.0625 0.0875
1 0.6625 0.3875 0.1 0.1125
0 0.48125 0.39375 0.0375 0.04375
0 0.30234375 0.403125 0.0390625 0.053125
0 0.490625 0.4359375 0.05 0.0625
1 0.58515625 0.43515625 0.0828125 0.1578125
0 0.35390625 0.43984375 0.0421875 0.0546875
0 0.51015625 0.46171875 0.0609375 0.0390625
0 0.71640625 0.490625 0.0359375 0.065625
1 0.65546875 0.5 0.1234375 0.228125
0 0.5171875 0.5125 0.065625 0.090625
0 0.7609375 0.52578125 0.065625 0.0734375
0 0.53203125 0.5609375 0.0640625 0.0875
0 0.8 0.57734375 0.08125 0.1046875
0 0.30703125 0.58828125 0.0796875 0.1140625
0 0.56171875 0.59296875 0.0890625 0.1359375
0 0.9015625 0.659375 0.13125 0.153125
0 0.75078125 0.70078125 0.1234375 0.1640625
0 0.5828125 0.72109375 0.10625 0.1546875
0 0.07421875 0.728125 0.1203125 0.134375
0 0.98046875 0.81875 0.0390625 0.1625