1 0.59609375 0.3625 0.0609375 0.084375
1 0.55625 0.38828125 0.053125 0.0890625
1 0.6390625 0.39375 0.0625 0.0875
1 0.2546875 0.40234375 0.059375 0.1046875
0 0.49296875 0.4046875 0.0296875 0.025
0 0.5015625 0.42421875 0.040625 0.0265625
0 0.57421875 0.42421875 0.0359375 0.0484375
0 0.59609375 0.434375 0.0328125 0.04375
1 0.69609375 0.440625 0.0859375 0.128125
0 0.50390625 0.4484375 0.0359375 0.025
1 0.3296875 0.484375 0.09375 0.178125
1 0.51875 0.5 0.05625 0.090625
1 0.221875 0.5015625 0.065625 0.10625
1 0.63515625 0.5140625 0.0984375 0.13125
1 0.7921875 0.546875 0.1125 0.084375
1 0.67265625 0.553125 0.1046875 0.1875
0 0.534375 0.596875 0.06875 0.11875
1 0.93671875 0.61171875 0.1265625 0.1359375
1 0.7375 0.63984375 0.0625 0.1421875
1 0.8515625 0.696875 0.2 0.3125
0 0.58203125 0.74140625 0.0921875 0.1796875
1 0.928125 0.84375 0.14375 0.3125
0 0.6421875 0.93203125 0.146875 0.1359375