1 0.390625 0.2734375 0.028125 0.0375
0 0.39921875 0.31875 0.0234375 0.034375
1 0.29765625 0.33203125 0.0453125 0.0609375
0 0.38125 0.34375 0.028125 0.05
1 0.33828125 0.346875 0.0453125 0.08125
1 0.6140625 0.378125 0.046875 0.0875
0 0.36875 0.39453125 0.040625 0.0484375
1 0.290625 0.396875 0.059375 0.08125
1 0.65234375 0.40546875 0.0703125 0.1109375
0 0.503125 0.421875 0.05 0.034375
0 0.584375 0.440625 0.053125 0.0625
1 0.25546875 0.44453125 0.0640625 0.1015625
0 0.50703125 0.44609375 0.0484375 0.0421875
0 0.78515625 0.46875 0.0734375 0.0625
1 0.51484375 0.478125 0.0609375 0.078125
1 0.72421875 0.484375 0.0734375 0.125
1 0.621875 0.496875 0.065625 0.134375
1 0.8421875 0.528125 0.134375 0.11875
1 0.6703125 0.54453125 0.1 0.2015625
0 0.328125 0.5546875 0.078125 0.0875
0 0.52109375 0.57890625 0.0765625 0.1078125
0 0.56015625 0.63125 0.0828125 0.146875
1 0.74453125 0.6375 0.0671875 0.146875
1 0.84765625 0.69140625 0.2015625 0.3078125
0 0.5890625 0.796875 0.115625 0.19375
1 0.92421875 0.8 0.1515625 0.25
1 0.77578125 0.94140625 0.1640625 0.1171875