1 0.53125 0.346875 0.046875 0.065625
0 0.6 0.37890625 0.046875 0.0546875
0 0.478125 0.38125 0.034375 0.040625
1 0.228125 0.396875 0.059375 0.071875
0 0.5546875 0.40703125 0.040625 0.0484375
0 0.4953125 0.41875 0.040625 0.046875
0 0.6328125 0.41875 0.040625 0.046875
1 0.68828125 0.45078125 0.0671875 0.1015625
0 0.5109375 0.48359375 0.05 0.0671875
0 0.609375 0.484375 0.0625 0.075
1 0.83671875 0.54609375 0.2203125 0.3328125
0 0.28671875 0.60390625 0.0828125 0.1078125
0 0.56484375 0.6125 0.0921875 0.128125
1 0.75078125 0.671875 0.2109375 0.29375
0 0.6578125 0.88828125 0.14375 0.2234375