0 0.4 0.32578125 0.03125 0.0359375
1 0.3109375 0.35234375 0.096875 0.1828125
0 0.38125 0.375 0.046875 0.040625
0 0.49765625 0.43515625 0.0546875 0.0453125
0 0.50546875 0.47890625 0.0609375 0.0703125
0 0.528125 0.5125 0.06875 0.071875
1 0.18828125 0.56015625 0.1421875 0.2421875
0 0.55390625 0.58359375 0.1109375 0.0953125
1 0.73125 0.584375 0.221875 0.3125
0 0.84609375 0.59375 0.0921875 0.096875
1 0.2859375 0.67265625 0.159375 0.3046875
1 0.578125 0.7296875 0.1 0.1875
1 0.903125 0.83828125 0.19375 0.3234375