1 0.371875 0.29375 0.028125 0.046875
1 0.34140625 0.29609375 0.0203125 0.0296875
1 0.53515625 0.31875 0.0265625 0.04375
0 0.478125 0.328125 0.021875 0.021875
0 0.51484375 0.334375 0.0203125 0.028125
0 0.390625 0.33515625 0.021875 0.0296875
0 0.346875 0.3390625 0.025 0.03125
0 0.47578125 0.36171875 0.0234375 0.0265625
0 0.54140625 0.3625 0.0203125 0.025
1 0.33046875 0.36640625 0.0265625 0.0421875
0 0.3828125 0.37578125 0.03125 0.0390625
0 0.6765625 0.403125 0.0375 0.05625
0 0.56171875 0.40703125 0.0265625 0.0359375
1 0.28203125 0.409375 0.0828125 0.11875
1 0.2046875 0.41953125 0.059375 0.0734375
0 0.36953125 0.43203125 0.0390625 0.0484375
1 0.51640625 0.440625 0.0828125 0.15
0 0.61640625 0.48125 0.0609375 0.065625
0 0.77890625 0.48515625 0.0328125 0.0578125
1 0.7265625 0.4875 0.08125 0.125
1 0.125 0.49609375 0.096875 0.1078125
1 0.23046875 0.51171875 0.0828125 0.1140625
0 0.65859375 0.553125 0.0703125 0.084375
0 0.315625 0.56484375 0.059375 0.0828125
0 0.93046875 0.63515625 0.0984375 0.1046875
0 0.11875 0.70625 0.109375 0.14375
0 0.7515625 0.72265625 0.1125 0.1296875
0 0.6046875 0.74921875 0.125 0.1859375
0 0.26875 0.759375 0.10625 0.15
0 0.9390625 0.95625 0.121875 0.0875