1 0.38359375 0.3453125 0.0265625 0.03125
1 0.5546875 0.38203125 0.065625 0.1109375
1 0.60859375 0.38984375 0.0390625 0.0546875
1 0.6421875 0.421875 0.05625 0.071875
0 0.496875 0.42265625 0.040625 0.0453125
1 0.171875 0.45625 0.071875 0.090625
0 0.34609375 0.45625 0.0484375 0.053125
0 0.60234375 0.48203125 0.0546875 0.0640625
0 0.69609375 0.4875 0.0609375 0.071875
0 0.53984375 0.5359375 0.0640625 0.075
1 0.79296875 0.54921875 0.1015625 0.1484375
0 0.57578125 0.68671875 0.0984375 0.1234375
0 0.74765625 0.70546875 0.1203125 0.1515625