0 0.340625 0.3484375 0.03125 0.0375
0 0.5734375 0.353125 0.034375 0.040625
0 0.3890625 0.35390625 0.03125 0.0328125
0 0.52890625 0.36953125 0.0296875 0.0390625
0 0.61640625 0.37421875 0.0328125 0.0484375
0 0.58828125 0.37578125 0.0328125 0.0359375
0 0.4859375 0.390625 0.0375 0.04375
0 0.5546875 0.40078125 0.034375 0.0484375
0 0.3375 0.403125 0.040625 0.046875
1 0.6890625 0.421875 0.109375 0.178125
0 0.50859375 0.44453125 0.0515625 0.0640625
1 0.59765625 0.4484375 0.0765625 0.1125
0 0.52421875 0.5328125 0.0671875 0.09375
0 0.834375 0.628125 0.103125 0.103125
0 0.56484375 0.67109375 0.0921875 0.1546875
0 0.73203125 0.67890625 0.1015625 0.1296875