1 0.6171875 0.371875 0.05 0.090625
1 0.56171875 0.38203125 0.0671875 0.1015625
0 0.22890625 0.41796875 0.0578125 0.0609375
0 0.3640625 0.421875 0.05 0.059375
0 0.50625 0.43515625 0.05 0.0546875
1 0.69921875 0.45 0.0953125 0.146875
1 0.60234375 0.46875 0.0515625 0.109375
0 0.51875 0.503125 0.059375 0.075
0 0.79375 0.51015625 0.0625 0.0828125
1 0.6640625 0.5203125 0.10625 0.18125
0 0.9390625 0.609375 0.11875 0.11875
0 0.5625 0.61953125 0.078125 0.1234375
1 0.7875 0.70625 0.178125 0.30625
0 0.25234375 0.73125 0.1140625 0.13125