1 0.26328125 0.365625 0.0296875 0.06875
0 0.38125 0.365625 0.015625 0.046875
0 0.5421875 0.378125 0.03125 0.071875
1 0.3125 0.3875 0.05 0.09375
0 0.47734375 0.38671875 0.0328125 0.0515625
0 0.653125 0.41875 0.025 0.05625
0 0.36953125 0.421875 0.0453125 0.0625
0 0.50625 0.44765625 0.05625 0.1078125
1 0.60703125 0.45 0.0640625 0.15
0 0.20078125 0.4546875 0.0484375 0.075
0 0.34140625 0.4875 0.0515625 0.071875
0 0.23046875 0.5609375 0.0671875 0.0625
0 0.084375 0.60234375 0.06875 0.0796875
1 0.884375 0.62890625 0.209375 0.2921875
0 0.62109375 0.73125 0.1203125 0.184375
0 0.259375 0.7953125 0.109375 0.15625