0 0.59921875 0.37890625 0.0390625 0.0421875
1 0.28359375 0.38671875 0.0796875 0.1140625
0 0.37890625 0.39296875 0.0359375 0.0484375
0 0.48984375 0.403125 0.0359375 0.046875
1 0.21875 0.40390625 0.053125 0.0578125
0 0.57265625 0.43203125 0.0421875 0.0515625
1 0.6671875 0.43359375 0.096875 0.1203125
1 0.16796875 0.45 0.0703125 0.090625
0 0.5046875 0.453125 0.046875 0.0625
0 0.621875 0.49765625 0.059375 0.0671875
1 0.08203125 0.53203125 0.1109375 0.1390625
0 0.68671875 0.58046875 0.0859375 0.1109375
0 0.30703125 0.64375 0.0859375 0.109375
0 0.584375 0.72890625 0.10625 0.1703125