1 0.35390625 0.32890625 0.0328125 0.0671875
0 0.38515625 0.36171875 0.0421875 0.0484375
1 0.31484375 0.36953125 0.0453125 0.0734375
1 0.62109375 0.38359375 0.0515625 0.0921875
1 0.55234375 0.38828125 0.0515625 0.0890625
1 0.29296875 0.390625 0.0546875 0.0625
1 0.66171875 0.40546875 0.0734375 0.1015625
1 0.5921875 0.4375 0.040625 0.046875
0 0.3546875 0.44140625 0.053125 0.0828125
1 0.73828125 0.4875 0.0890625 0.10625
1 0.51015625 0.5015625 0.0578125 0.09375
1 0.62421875 0.51328125 0.0609375 0.1265625
1 0.86484375 0.53046875 0.1578125 0.1109375
1 0.66953125 0.546875 0.0921875 0.175
0 0.521875 0.5671875 0.065625 0.1
0 0.5515625 0.64375 0.096875 0.165625
1 0.74453125 0.64375 0.0671875 0.140625
1 0.8515625 0.69921875 0.203125 0.3234375
1 0.92734375 0.846875 0.1453125 0.30625
0 0.60234375 0.85078125 0.1328125 0.2390625