1 0.5890625 0.35 0.059375 0.1125
1 0.5484375 0.36640625 0.05 0.0828125
1 0.2484375 0.378125 0.071875 0.0875
1 0.31640625 0.38828125 0.0390625 0.0640625
0 0.54921875 0.39296875 0.0296875 0.0390625
1 0.5890625 0.4015625 0.06875 0.11875
0 0.48515625 0.409375 0.0421875 0.04375
0 0.36953125 0.41171875 0.0390625 0.0609375
0 0.48984375 0.44453125 0.0453125 0.0734375
1 0.6140625 0.4453125 0.10625 0.16875
0 0.34921875 0.46875 0.0421875 0.0625
1 0.746875 0.46875 0.128125 0.178125
0 0.5171875 0.478125 0.0375 0.06875
1 0.22734375 0.503125 0.0890625 0.140625
0 0.51875 0.5234375 0.05625 0.1
0 0.5453125 0.60234375 0.071875 0.1296875
0 0.8875 0.60546875 0.08125 0.1109375
1 0.72890625 0.60625 0.1828125 0.271875
0 0.5859375 0.72734375 0.103125 0.1546875
1 0.059375 0.73203125 0.1125 0.2265625
1 0.88125 0.79375 0.2375 0.4125
0 0.6390625 0.91875 0.159375 0.1625