1 0.3796875 0.28671875 0.025 0.0390625
1 0.409375 0.29375 0.021875 0.028125
1 0.3421875 0.29921875 0.025 0.0359375
0 0.4015625 0.30546875 0.01875 0.0234375
0 0.38828125 0.33203125 0.0265625 0.0359375
1 0.28203125 0.34296875 0.0578125 0.0859375
1 0.375 0.36484375 0.03125 0.0453125
1 0.553125 0.3875 0.046875 0.0875
1 0.2921875 0.4 0.05625 0.08125
1 0.6796875 0.403125 0.09375 0.14375
0 0.57109375 0.42421875 0.0328125 0.0515625
1 0.16484375 0.43828125 0.0953125 0.1109375
0 0.5953125 0.44765625 0.04375 0.0671875
0 0.50234375 0.4625 0.0390625 0.0625
0 0.34921875 0.47109375 0.0546875 0.0578125
0 0.5171875 0.4953125 0.059375 0.08125
1 0.7421875 0.496875 0.115625 0.171875
1 0.62265625 0.509375 0.0671875 0.134375
0 0.8359375 0.528125 0.06875 0.071875
0 0.53046875 0.534375 0.0640625 0.084375
1 0.66796875 0.54921875 0.1078125 0.2015625
0 0.55859375 0.57734375 0.0703125 0.1046875
0 0.3 0.615625 0.084375 0.109375
1 0.5359375 0.62265625 0.08125 0.1578125
1 0.76484375 0.65078125 0.0984375 0.1609375
1 0.86328125 0.734375 0.2296875 0.390625
0 0.5734375 0.7421875 0.1 0.175
0 0.61328125 0.8625 0.1359375 0.20625
0 0.64296875 0.95078125 0.1515625 0.0984375