0 0.32109375 0.325 0.0296875 0.046875
0 0.38359375 0.34296875 0.0296875 0.0359375
0 0.30078125 0.34765625 0.0296875 0.0421875
0 0.47578125 0.36015625 0.0296875 0.0421875
0 0.37890625 0.36796875 0.0328125 0.0390625
0 0.546875 0.378125 0.0375 0.040625
1 0.640625 0.3875 0.0875 0.134375
0 0.371875 0.4 0.0375 0.05
0 0.55 0.4078125 0.040625 0.05625
0 0.49453125 0.41484375 0.0390625 0.0578125
1 0.24609375 0.4453125 0.1046875 0.15625
0 0.18984375 0.46015625 0.0203125 0.0578125
1 0.7390625 0.478125 0.140625 0.184375
0 0.6359375 0.53984375 0.071875 0.0953125
0 0.53671875 0.54375 0.0671875 0.096875
0 0.59296875 0.68671875 0.1046875 0.1734375