0 0.37265625 0.37578125 0.0296875 0.0359375
1 0.5546875 0.38671875 0.046875 0.0734375
0 0.49453125 0.39765625 0.0359375 0.0328125
0 0.61015625 0.403125 0.0484375 0.04375
0 0.48984375 0.41640625 0.0328125 0.0421875
0 0.57265625 0.421875 0.0390625 0.046875
0 0.66015625 0.42421875 0.0359375 0.0484375
0 0.4984375 0.42890625 0.0375 0.0328125
0 0.3515625 0.43984375 0.05 0.0578125
0 0.50390625 0.46640625 0.0453125 0.0703125
1 0.721875 0.46796875 0.125 0.1515625
0 0.80546875 0.4890625 0.0453125 0.06875
0 0.25625 0.490625 0.065625 0.075
0 0.62265625 0.50390625 0.0703125 0.0796875
0 0.52109375 0.5234375 0.0578125 0.0875
0 0.3171875 0.546875 0.0625 0.090625
1 0.04375 0.56875 0.084375 0.215625
0 0.78828125 0.56953125 0.0890625 0.1109375
0 0.5515625 0.58125 0.075 0.09375
0 0.1828125 0.625 0.090625 0.109375
0 0.97578125 0.68203125 0.0484375 0.1109375
0 0.75234375 0.6875 0.1140625 0.1375
0 0.8921875 0.68984375 0.109375 0.1296875
0 0.63984375 0.784375 0.1234375 0.184375
1 0.85625 0.840625 0.19375 0.31875
1 0.6296875 0.92265625 0.165625 0.1546875