1 0.32890625 0.35625 0.0453125 0.078125
0 0.38515625 0.35859375 0.0328125 0.0328125
0 0.37421875 0.39453125 0.0328125 0.0390625
0 0.5609375 0.39765625 0.0375 0.0546875
0 0.2953125 0.41796875 0.040625 0.0515625
0 0.64609375 0.42265625 0.0421875 0.0546875
1 0.2125 0.42578125 0.0625 0.0765625
0 0.50390625 0.44375 0.0484375 0.065625
1 0.60234375 0.4515625 0.0484375 0.08125
1 0.1484375 0.45546875 0.075 0.1109375
0 0.3515625 0.46953125 0.053125 0.0609375
0 0.515625 0.50390625 0.05625 0.0828125
1 0.23515625 0.5171875 0.0671875 0.0875
1 0.778125 0.534375 0.071875 0.128125
0 0.32421875 0.54765625 0.0671875 0.0828125
1 0.14453125 0.578125 0.1265625 0.16875
1 0.72265625 0.6 0.2015625 0.340625
1 0.909375 0.65625 0.15 0.21875
1 0.6046875 0.67578125 0.196875 0.3859375
0 0.23046875 0.846875 0.1234375 0.159375