1 0.31328125 0.36328125 0.0609375 0.1015625
1 0.2046875 0.39765625 0.090625 0.1296875
1 0.6625 0.43203125 0.059375 0.0890625
0 0.5859375 0.43828125 0.05 0.0609375
0 0.50859375 0.49140625 0.0609375 0.0921875
0 0.71796875 0.51015625 0.0703125 0.0921875
0 0.8125 0.51875 0.075 0.090625
0 0.6203125 0.5203125 0.071875 0.09375
1 0.0453125 0.6125 0.090625 0.146875
1 0.88125 0.62890625 0.15625 0.2421875
0 0.59375 0.68125 0.109375 0.153125
1 0.11484375 0.71328125 0.1296875 0.1609375
1 0.840625 0.7875 0.203125 0.35