0 0.46875 0.34453125 0.034375 0.0484375
1 0.6 0.36015625 0.053125 0.0671875
1 0.325 0.36796875 0.040625 0.0609375
0 0.38125 0.37421875 0.040625 0.0515625
1 0.2421875 0.38046875 0.06875 0.1109375
0 0.55234375 0.39375 0.0390625 0.053125
1 0.63046875 0.39921875 0.0578125 0.0859375
0 0.66171875 0.403125 0.0359375 0.046875
1 0.27734375 0.4078125 0.0796875 0.14375
0 0.49375 0.409375 0.040625 0.059375
0 0.3625 0.421875 0.04375 0.05625
0 0.5890625 0.44921875 0.053125 0.0765625
0 0.70625 0.4609375 0.046875 0.075
0 0.8 0.49296875 0.059375 0.0609375
0 0.51875 0.496875 0.0625 0.090625
0 0.33359375 0.50234375 0.0609375 0.0921875
0 0.74921875 0.53125 0.0546875 0.065625
1 0.671875 0.540625 0.09375 0.171875
0 0.0578125 0.584375 0.0875 0.128125
1 0.92734375 0.59140625 0.1453125 0.2046875
0 0.57265625 0.61328125 0.0828125 0.1109375
0 0.15625 0.628125 0.109375 0.134375
0 0.26796875 0.70625 0.1109375 0.15625
1 0.8703125 0.76953125 0.259375 0.4609375
0 0.69921875 0.98203125 0.1171875 0.0359375