0 0.390625 0.34609375 0.025 0.0328125
1 0.54765625 0.36328125 0.0421875 0.0859375
1 0.259375 0.371875 0.071875 0.0875
1 0.32734375 0.37578125 0.0390625 0.0640625
0 0.55 0.3875 0.028125 0.040625
0 0.4796875 0.390625 0.03125 0.034375
0 0.378125 0.39140625 0.034375 0.0546875
1 0.58984375 0.40234375 0.0703125 0.1203125
0 0.484375 0.415625 0.05 0.05625
0 0.3609375 0.44140625 0.04375 0.0671875
0 0.48828125 0.45078125 0.0421875 0.0765625
1 0.25390625 0.45703125 0.0890625 0.1390625
1 0.6171875 0.4578125 0.10625 0.16875
0 0.51484375 0.478125 0.0421875 0.0625
1 0.7578125 0.47890625 0.128125 0.1796875
0 0.521875 0.534375 0.065625 0.10625
0 0.54453125 0.6046875 0.0703125 0.125
1 0.740625 0.61796875 0.196875 0.2734375
0 0.90234375 0.61953125 0.0984375 0.1140625
1 0.10546875 0.634375 0.1265625 0.16875
0 0.5890625 0.734375 0.109375 0.1375
1 0.890625 0.809375 0.21875 0.38125
0 0.6375 0.9359375 0.134375 0.128125