1 0.3890625 0.2765625 0.01875 0.03125
0 0.40625 0.28671875 0.01875 0.0234375
1 0.35703125 0.2875 0.0203125 0.028125
0 0.4015625 0.29765625 0.01875 0.0203125
1 0.32265625 0.31328125 0.0421875 0.0640625
1 0.39921875 0.31328125 0.0171875 0.0265625
1 0.34609375 0.33125 0.0359375 0.05625
1 0.28125 0.34921875 0.046875 0.0609375
0 0.39140625 0.353125 0.0265625 0.034375
0 0.37578125 0.37890625 0.0328125 0.0421875
0 0.48125 0.38125 0.034375 0.05625
1 0.553125 0.3875 0.046875 0.0875
0 0.35703125 0.42265625 0.0421875 0.0546875
0 0.57109375 0.42421875 0.0328125 0.0515625
0 0.48671875 0.42734375 0.0359375 0.0671875
1 0.7109375 0.43828125 0.115625 0.1890625
0 0.5953125 0.44765625 0.04375 0.0671875
0 0.50234375 0.4625 0.0390625 0.0625
0 0.5171875 0.4953125 0.059375 0.08125
1 0.62265625 0.509375 0.0671875 0.134375
0 0.53046875 0.534375 0.0640625 0.084375
1 0.79453125 0.5453125 0.1234375 0.19375
1 0.66796875 0.54921875 0.1078125 0.2015625
0 0.55859375 0.57734375 0.0703125 0.1046875
1 0.13359375 0.59375 0.2015625 0.325
1 0.5359375 0.62265625 0.08125 0.1578125
1 0.76484375 0.65078125 0.0984375 0.1609375
1 0.86328125 0.734375 0.2296875 0.390625
0 0.5734375 0.7421875 0.1 0.175
0 0.26953125 0.74921875 0.1171875 0.1640625
0 0.61328125 0.8625 0.1359375 0.20625
0 0.64296875 0.95078125 0.1515625 0.0984375