1 0.31328125 0.31796875 0.0328125 0.0390625
1 0.346875 0.32734375 0.05 0.0671875
1 0.26796875 0.34609375 0.0609375 0.0703125
1 0.528125 0.346875 0.04375 0.075
0 0.38828125 0.34765625 0.0265625 0.0328125
0 0.47265625 0.35546875 0.0265625 0.0359375
1 0.5859375 0.36953125 0.05 0.0765625
0 0.37109375 0.37734375 0.0359375 0.0453125
1 0.30625 0.3859375 0.071875 0.1
1 0.21953125 0.40546875 0.0515625 0.0859375
1 0.346875 0.45546875 0.0625 0.0765625
0 0.6234375 0.50078125 0.0625 0.0890625
0 0.14296875 0.62109375 0.0984375 0.1203125