1 0.53359375 0.309375 0.0265625 0.0375
0 0.328125 0.321875 0.025 0.021875
0 0.3984375 0.33125 0.021875 0.034375
0 0.5171875 0.35546875 0.028125 0.0359375
0 0.48046875 0.35625 0.0359375 0.040625
0 0.34921875 0.37109375 0.0296875 0.0328125
0 0.57578125 0.43515625 0.0421875 0.0546875
0 0.50625 0.4625 0.0375 0.05625
0 0.65546875 0.53125 0.0765625 0.121875
0 0.54609375 0.5625 0.0796875 0.0875
0 0.796875 0.596875 0.071875 0.11875
0 0.64296875 0.90625 0.1109375 0.1625
0 0.15625 0.93984375 0.146875 0.1078125