0 0.37578125 0.3765625 0.0359375 0.04375
1 0.63203125 0.38125 0.0765625 0.125
1 0.315625 0.3828125 0.046875 0.05625
1 0.565625 0.38515625 0.075 0.1296875
1 0.209375 0.41484375 0.0875 0.1046875
1 0.5078125 0.41875 0.084375 0.1375
1 0.28671875 0.42421875 0.0640625 0.0890625
0 0.721875 0.43984375 0.053125 0.0578125
0 0.36328125 0.44375 0.0484375 0.05625
1 0.2234375 0.478125 0.09375 0.1
0 0.7046875 0.4875 0.06875 0.103125
1 0.8609375 0.6140625 0.11875 0.18125
1 0.13203125 0.63046875 0.1328125 0.1984375
0 0.2828125 0.665625 0.103125 0.121875
0 0.62109375 0.86171875 0.1421875 0.1984375