0 0.346875 0.3484375 0.040625 0.05
0 0.32109375 0.39765625 0.0515625 0.0671875
1 0.6546875 0.415625 0.109375 0.13125
0 0.21015625 0.41953125 0.0765625 0.1109375
0 0.5171875 0.49453125 0.059375 0.0765625
1 0.621875 0.50859375 0.078125 0.1328125
0 0.52578125 0.52734375 0.0640625 0.0921875
0 0.734375 0.53671875 0.059375 0.1140625
1 0.69765625 0.571875 0.1359375 0.221875
0 0.3109375 0.58125 0.09375 0.125
1 0.87734375 0.596875 0.2453125 0.3875
0 0.578125 0.60078125 0.0875 0.1265625
1 0.5390625 0.64296875 0.090625 0.1984375
0 0.1796875 0.79296875 0.159375 0.1859375
0 0.615625 0.86015625 0.165625 0.2671875
1 0.91640625 0.8671875 0.1671875 0.265625