0 0.39296875 0.321875 0.0234375 0.025
1 0.58203125 0.328125 0.0546875 0.071875
1 0.34140625 0.33203125 0.0453125 0.0734375
1 0.5296875 0.33984375 0.05 0.0953125
1 0.4796875 0.34375 0.053125 0.084375
0 0.38828125 0.35234375 0.0296875 0.0296875
1 0.28359375 0.371875 0.0453125 0.078125
0 0.36875 0.390625 0.034375 0.0375
0 0.640625 0.403125 0.0375 0.075
0 0.48984375 0.403125 0.0484375 0.05625
1 0.5921875 0.428125 0.096875 0.159375
1 0.7078125 0.453125 0.125 0.1625
0 0.259375 0.45546875 0.05625 0.0640625
0 0.34453125 0.50078125 0.0609375 0.0765625
0 0.21796875 0.5125 0.0796875 0.11875
1 0.07578125 0.55390625 0.1140625 0.1328125
0 0.54765625 0.59140625 0.0734375 0.1171875
1 0.90859375 0.6125 0.1828125 0.19375
0 0.74375 0.66328125 0.10625 0.1609375
1 0.896875 0.8171875 0.20625 0.365625
0 0.21171875 0.846875 0.1546875 0.184375