1 0.32265625 0.31640625 0.0328125 0.0453125
0 0.38984375 0.340625 0.0265625 0.034375
1 0.5984375 0.34609375 0.059375 0.1046875
1 0.28046875 0.353125 0.0390625 0.05625
1 0.54609375 0.35859375 0.0640625 0.1078125
1 0.32578125 0.36328125 0.0359375 0.0609375
1 0.48671875 0.37421875 0.0578125 0.0984375
0 0.37265625 0.38046875 0.0359375 0.0484375
0 0.665625 0.38984375 0.034375 0.0421875
0 0.5234375 0.521875 0.06875 0.09375
0 0.32578125 0.565625 0.0734375 0.078125
1 0.709375 0.578125 0.2 0.3
1 0.1765625 0.5875 0.125 0.14375
1 0.8640625 0.590625 0.225 0.278125
1 0.05625 0.60234375 0.10625 0.2328125
1 0.0546875 0.865625 0.109375 0.26875