1 0.609375 0.36171875 0.05 0.0890625
1 0.54921875 0.3796875 0.0640625 0.1
1 0.67265625 0.42265625 0.0890625 0.1296875
0 0.496875 0.425 0.040625 0.04375
1 0.5765625 0.440625 0.05 0.103125
0 0.74296875 0.453125 0.0484375 0.053125
0 0.18828125 0.465625 0.0578125 0.059375
0 0.50859375 0.46953125 0.0453125 0.0609375
0 0.3453125 0.47578125 0.05 0.0609375
1 0.63046875 0.48125 0.0921875 0.153125
0 0.83359375 0.5296875 0.0828125 0.1
0 0.5375 0.5578125 0.065625 0.09375
1 0.73125 0.62578125 0.13125 0.2359375
0 0.68125 0.91640625 0.140625 0.1578125