1 0.3328125 0.34765625 0.046875 0.0421875
1 0.26796875 0.35078125 0.0640625 0.0765625
0 0.38515625 0.3671875 0.0296875 0.0375
0 0.32421875 0.38359375 0.0296875 0.0421875
0 0.4859375 0.39453125 0.034375 0.0484375
1 0.6453125 0.39453125 0.071875 0.1359375
1 0.58359375 0.41484375 0.0921875 0.1453125
1 0.2859375 0.41875 0.05625 0.09375
0 0.50078125 0.43828125 0.0453125 0.0734375
0 0.35 0.46875 0.059375 0.065625
1 0.08828125 0.496875 0.1765625 0.259375
0 0.21640625 0.53515625 0.0765625 0.0703125
0 0.31015625 0.5875 0.0765625 0.1
0 0.54453125 0.61328125 0.0796875 0.1140625
1 0.78984375 0.65546875 0.2171875 0.3859375
1 0.04296875 0.778125 0.0859375 0.1875