0 0.4734375 0.3640625 0.028125 0.03125
1 0.54375 0.365625 0.0625 0.0875
1 0.6625 0.3875 0.1 0.1125
0 0.48125 0.39375 0.0375 0.04375
0 0.490625 0.4359375 0.05 0.0625
1 0.58515625 0.43515625 0.0828125 0.1578125
0 0.509375 0.453125 0.04375 0.0375
0 0.71640625 0.490625 0.0359375 0.065625
1 0.65546875 0.5 0.1234375 0.228125
0 0.51484375 0.50625 0.0640625 0.0875
0 0.7609375 0.52578125 0.065625 0.0734375
0 0.196875 0.55625 0.08125 0.084375
0 0.5515625 0.57265625 0.096875 0.1203125
0 0.79765625 0.578125 0.0703125 0.096875
0 0.2921875 0.60859375 0.078125 0.0921875
0 0.86796875 0.6375 0.1109375 0.1375
0 0.70859375 0.6484375 0.1046875 0.15
0 0.5640625 0.671875 0.10625 0.15
0 0.94140625 0.73515625 0.1171875 0.1453125
0 0.61484375 0.85859375 0.1390625 0.2328125