1 0.49140625 0.29453125 0.0328125 0.0484375
0 0.4046875 0.30859375 0.025 0.0296875
0 0.46796875 0.325 0.0234375 0.03125
1 0.54921875 0.32421875 0.0453125 0.0609375
0 0.38984375 0.33828125 0.0265625 0.0390625
0 0.51171875 0.346875 0.0296875 0.034375
0 0.4796875 0.35703125 0.03125 0.0359375
0 0.58359375 0.425 0.0578125 0.071875
1 0.35 0.4328125 0.109375 0.15625
1 0.21171875 0.453125 0.1421875 0.215625
0 0.56484375 0.57265625 0.0796875 0.1296875
0 0.25 0.69765625 0.109375 0.1671875
0 0.66484375 0.884375 0.1640625 0.21875