0 0.39609375 0.315625 0.0171875 0.01875
0 0.46171875 0.325 0.0203125 0.03125
0 0.5203125 0.35 0.025 0.028125
0 0.56640625 0.3546875 0.0265625 0.0375
0 0.53671875 0.375 0.0265625 0.0375
0 0.48046875 0.38671875 0.0328125 0.0390625
1 0.625 0.38828125 0.071875 0.1109375
0 0.37109375 0.39296875 0.0328125 0.0390625
1 0.5609375 0.39921875 0.040625 0.0609375
0 0.3 0.41875 0.040625 0.04375
0 0.5015625 0.4234375 0.0375 0.05
0 0.5890625 0.46171875 0.05 0.0734375
0 0.51484375 0.465625 0.0515625 0.06875
1 0.07109375 0.53671875 0.1421875 0.2234375
0 0.53125 0.5390625 0.0625 0.09375
0 0.73984375 0.55078125 0.0703125 0.1109375
1 0.6875 0.57734375 0.1 0.1546875
0 0.565625 0.634375 0.08125 0.10625
0 0.65859375 0.85703125 0.1515625 0.2390625