0 0.36484375 0.31875 0.0265625 0.034375
0 0.39375 0.325 0.021875 0.0375
1 0.4671875 0.328125 0.040625 0.0625
1 0.51875 0.3390625 0.040625 0.06875
0 0.47578125 0.3578125 0.0359375 0.03125
1 0.2609375 0.3625 0.06875 0.0875
1 0.54375 0.36953125 0.05625 0.0890625
0 0.4796875 0.384375 0.03125 0.0375
0 0.378125 0.3890625 0.0375 0.05625
1 0.66015625 0.396875 0.0953125 0.11875
0 0.49296875 0.415625 0.0390625 0.03125
0 0.55234375 0.434375 0.0234375 0.053125
0 0.50703125 0.45625 0.0515625 0.053125
1 0.615625 0.47265625 0.109375 0.1921875
0 0.51640625 0.503125 0.0609375 0.059375
0 0.32421875 0.54765625 0.0796875 0.0921875
0 0.5390625 0.5765625 0.078125 0.10625
0 0.88359375 0.60859375 0.0234375 0.1171875
1 0.8109375 0.67265625 0.25 0.4046875
0 0.58203125 0.73359375 0.1171875 0.1703125