1 0.3171875 0.34921875 0.040625 0.0609375
1 0.55234375 0.378125 0.0390625 0.05625
1 0.371875 0.384375 0.05 0.09375
1 0.65 0.4 0.059375 0.10625
0 0.4921875 0.40703125 0.040625 0.0359375
1 0.290625 0.4125 0.04375 0.0625
0 0.5703125 0.43046875 0.034375 0.0609375
0 0.5015625 0.43515625 0.0625 0.0421875
0 0.5984375 0.44921875 0.059375 0.0640625
1 0.70859375 0.4515625 0.1015625 0.14375
0 0.51015625 0.471875 0.0515625 0.04375
1 0.61953125 0.5125 0.0734375 0.134375
1 0.51796875 0.5328125 0.0671875 0.10625
1 0.675 0.5578125 0.128125 0.21875
1 0.74140625 0.64375 0.0796875 0.16875
0 0.5453125 0.6453125 0.09375 0.15625
1 0.85703125 0.7 0.2171875 0.340625
0 0.5984375 0.790625 0.11875 0.196875
0 0.64296875 0.94765625 0.1640625 0.1046875