1 0.32890625 0.325 0.0296875 0.04375
0 0.38984375 0.34375 0.0296875 0.040625
1 0.26171875 0.36171875 0.0609375 0.0859375
0 0.36640625 0.39609375 0.0484375 0.0578125
1 0.64296875 0.4 0.0765625 0.1125
1 0.3015625 0.40078125 0.065625 0.0984375
1 0.7 0.47265625 0.08125 0.0921875
1 0.62734375 0.503125 0.0734375 0.13125
1 0.8046875 0.50703125 0.14375 0.1265625
1 0.18125 0.521875 0.1 0.1625
0 0.31875 0.52890625 0.08125 0.0953125
1 0.67265625 0.55078125 0.0984375 0.1890625
0 0.9171875 0.56875 0.0625 0.09375
0 0.53125 0.5828125 0.0875 0.13125
1 0.9609375 0.603125 0.075 0.1875
0 0.55546875 0.62265625 0.0953125 0.1171875
1 0.74375 0.64765625 0.08125 0.1671875
1 0.065625 0.66796875 0.13125 0.2109375
1 0.84375 0.6828125 0.1875 0.28125
0 0.56875 0.73984375 0.10625 0.1703125
1 0.92734375 0.853125 0.1453125 0.29375
0 0.74375 0.8828125 0.175 0.234375