1 0.515625 0.334375 0.040625 0.06875
0 0.39296875 0.34140625 0.0265625 0.0421875
1 0.575 0.34375 0.05625 0.08125
1 0.315625 0.35703125 0.065625 0.0890625
0 0.4859375 0.36953125 0.03125 0.0390625
0 0.4859375 0.40078125 0.034375 0.0484375
0 0.58125 0.42421875 0.0375 0.0484375
1 0.7171875 0.4546875 0.128125 0.1875
0 0.59140625 0.465625 0.0546875 0.071875
0 0.53203125 0.525 0.0671875 0.09375
0 0.32109375 0.53984375 0.0671875 0.0703125
1 0.89765625 0.63828125 0.2046875 0.3015625
0 0.8 0.78125 0.15 0.184375
0 0.65625 0.8921875 0.14375 0.215625