0 0.3765625 0.365625 0.028125 0.040625
0 0.4828125 0.3953125 0.03125 0.04375
1 0.5703125 0.39921875 0.05 0.0859375
0 0.65234375 0.4421875 0.0515625 0.0625
0 0.51953125 0.46015625 0.0453125 0.0703125
0 0.3328125 0.47734375 0.05 0.0578125
1 0.090625 0.48203125 0.15625 0.1984375
0 0.54296875 0.565625 0.0671875 0.09375
0 0.79453125 0.575 0.0859375 0.096875
0 0.68515625 0.596875 0.0828125 0.1125
0 0.7765625 0.728125 0.125 0.171875
0 0.25234375 0.75078125 0.1171875 0.1515625
0 0.6140625 0.7890625 0.11875 0.19375