0 0.47890625 0.3640625 0.0421875 0.04375
0 0.35546875 0.38515625 0.0453125 0.0546875
1 0.56015625 0.3875 0.0640625 0.128125
0 0.4890625 0.4046875 0.053125 0.05
1 0.6171875 0.453125 0.1 0.146875
0 0.25703125 0.45390625 0.0484375 0.0578125
0 0.5078125 0.471875 0.05625 0.065625
0 0.5203125 0.53203125 0.065625 0.0859375
1 0.86328125 0.5953125 0.1796875 0.20625
1 0.73515625 0.60546875 0.2046875 0.3390625
0 0.559375 0.640625 0.090625 0.10625
1 0.1015625 0.690625 0.15 0.203125
0 0.584375 0.76875 0.115625 0.178125
0 0.65234375 0.90625 0.1546875 0.178125