1 0.63671875 0.39375 0.0796875 0.11875
0 0.48671875 0.40703125 0.0421875 0.0515625
1 0.23359375 0.41015625 0.0546875 0.0703125
1 0.58046875 0.4328125 0.0578125 0.10625
1 0.27734375 0.44375 0.0515625 0.065625
0 0.509375 0.4546875 0.05 0.075
0 0.30078125 0.496875 0.0671875 0.071875
1 0.75 0.51484375 0.078125 0.1203125
0 0.63984375 0.528125 0.0671875 0.0875
0 0.3109375 0.57109375 0.071875 0.0921875
0 0.5578125 0.63359375 0.090625 0.1296875
0 0.8640625 0.66015625 0.1125 0.1546875
0 0.7390625 0.721875 0.125 0.15625