0 0.37890625 0.365625 0.0296875 0.034375
1 0.5546875 0.38671875 0.046875 0.0734375
0 0.49453125 0.39765625 0.0359375 0.0328125
0 0.61640625 0.40625 0.0484375 0.04375
0 0.36015625 0.41171875 0.0453125 0.0515625
0 0.48984375 0.41640625 0.0328125 0.0421875
0 0.57265625 0.421875 0.0390625 0.046875
0 0.4984375 0.42890625 0.0375 0.0328125
0 0.27890625 0.45546875 0.0546875 0.0609375
0 0.50390625 0.46640625 0.0453125 0.0703125
1 0.7359375 0.47578125 0.125 0.1515625
0 0.32890625 0.50625 0.0578125 0.075
0 0.62890625 0.50625 0.0703125 0.078125
0 0.82578125 0.515625 0.0640625 0.090625
0 0.52109375 0.5234375 0.0578125 0.0875
1 0.0609375 0.53203125 0.121875 0.1859375
0 0.2203125 0.55 0.075 0.078125
1 0.7953125 0.575 0.096875 0.103125
0 0.5546875 0.60625 0.075 0.09375
0 0.9078125 0.70859375 0.109375 0.1296875
0 0.765625 0.71328125 0.115625 0.1609375
0 0.65 0.80546875 0.121875 0.1859375
0 0.0578125 0.8125 0.115625 0.153125
1 0.8921875 0.8515625 0.2 0.296875