1 0.46875 0.334375 0.040625 0.0625
1 0.5296875 0.34921875 0.05625 0.0890625
0 0.47734375 0.378125 0.0359375 0.03125
0 0.48203125 0.38203125 0.0328125 0.0390625
1 0.63828125 0.40546875 0.0515625 0.0890625
0 0.48984375 0.4078125 0.0421875 0.05625
1 0.575 0.40703125 0.084375 0.1234375
1 0.20546875 0.43203125 0.0671875 0.0984375
0 0.715625 0.4328125 0.046875 0.05625
0 0.66953125 0.45546875 0.0515625 0.0609375
0 0.50390625 0.46875 0.0515625 0.078125
0 0.52890625 0.5359375 0.0640625 0.0875
1 0.83046875 0.54375 0.1921875 0.271875
0 0.32109375 0.55546875 0.0734375 0.1015625
0 0.6703125 0.5953125 0.084375 0.11875
0 0.04140625 0.60390625 0.0828125 0.1171875
0 0.55546875 0.65390625 0.0921875 0.1578125
0 0.22890625 0.803125 0.1265625 0.159375
0 0.65234375 0.88046875 0.1609375 0.2265625