1 0.36484375 0.309375 0.0296875 0.05
0 0.46015625 0.31640625 0.0171875 0.0296875
0 0.55078125 0.33671875 0.0109375 0.0234375
0 0.51484375 0.33984375 0.0203125 0.0421875
0 0.3984375 0.346875 0.021875 0.040625
0 0.478125 0.35078125 0.028125 0.0390625
1 0.26171875 0.36328125 0.0421875 0.0984375
1 0.32109375 0.36953125 0.0421875 0.0890625
0 0.3796875 0.3796875 0.03125 0.025
0 0.5421875 0.38125 0.028125 0.05
0 0.4921875 0.40625 0.028125 0.05625
1 0.59375 0.4125 0.075 0.146875
0 0.33984375 0.48359375 0.0515625 0.0703125
0 0.521875 0.4875 0.05 0.078125
1 0.73671875 0.57421875 0.1609375 0.2890625
0 0.03515625 0.83828125 0.0703125 0.1859375
0 0.2375 0.8796875 0.103125 0.1875