0 0.47578125 0.3578125 0.0359375 0.03125
1 0.54375 0.36953125 0.05625 0.0890625
0 0.371875 0.38359375 0.034375 0.0453125
0 0.4796875 0.384375 0.03125 0.0375
0 0.31015625 0.38828125 0.0328125 0.0390625
1 0.66015625 0.396875 0.0953125 0.11875
0 0.49296875 0.4078125 0.0390625 0.03125
0 0.54609375 0.41953125 0.0234375 0.0515625
1 0.59453125 0.440625 0.0953125 0.165625
0 0.49921875 0.44765625 0.0515625 0.0546875
0 0.51328125 0.48671875 0.0609375 0.0609375
0 0.52421875 0.53125 0.0671875 0.08125
1 0.6859375 0.534375 0.15 0.246875
0 0.7828125 0.546875 0.059375 0.1
0 0.54140625 0.58125 0.0796875 0.1
0 0.8515625 0.6296875 0.1 0.125
0 0.58984375 0.71328125 0.1140625 0.1890625
0 0.26171875 0.75625 0.1078125 0.140625
0 0.90078125 0.89375 0.1890625 0.2125
0 0.65546875 0.9015625 0.1453125 0.196875