0 0.390625 0.346875 0.025 0.0375
1 0.27890625 0.353125 0.0515625 0.078125
0 0.3328125 0.3625 0.040625 0.05625
0 0.5859375 0.36796875 0.040625 0.0640625
1 0.52890625 0.36875 0.0546875 0.078125
0 0.48359375 0.3875 0.0515625 0.065625
0 0.65078125 0.38828125 0.0484375 0.0484375
0 0.37734375 0.390625 0.0390625 0.053125
0 0.571875 0.43671875 0.053125 0.0640625
0 0.28203125 0.44921875 0.0609375 0.0859375
0 0.20234375 0.459375 0.0765625 0.109375
1 0.76875 0.465625 0.08125 0.10625
0 0.67578125 0.4734375 0.0640625 0.075
0 0.328125 0.51171875 0.0625 0.0765625
1 0.91875 0.55078125 0.1625 0.1359375
0 0.55546875 0.58828125 0.0703125 0.1140625
1 0.70859375 0.60234375 0.1171875 0.1796875
1 0.17421875 0.62109375 0.1109375 0.1296875
1 0.89921875 0.796875 0.2015625 0.40625
0 0.18984375 0.89140625 0.1828125 0.2171875