1 0.36328125 0.29140625 0.0453125 0.0671875
1 0.33203125 0.34921875 0.0546875 0.0765625
1 0.38359375 0.359375 0.0546875 0.084375
1 0.6875 0.39921875 0.10625 0.1109375
0 0.52890625 0.41171875 0.0515625 0.0734375
1 0.590625 0.4125 0.06875 0.103125
0 0.34296875 0.45625 0.0640625 0.084375
0 0.775 0.4640625 0.075 0.09375
0 0.63046875 0.49140625 0.0484375 0.1078125
0 0.5140625 0.5140625 0.071875 0.09375
1 0.69609375 0.51875 0.1265625 0.196875
0 0.5484375 0.59140625 0.09375 0.1078125
0 0.3 0.61328125 0.125 0.1609375
0 0.93828125 0.61875 0.1109375 0.140625
0 0.57890625 0.7 0.1109375 0.171875
1 0.83984375 0.7359375 0.3140625 0.4875
1 0.0515625 0.7875 0.096875 0.425
0 0.628125 0.9078125 0.16875 0.184375