1 0.35234375 0.32421875 0.0546875 0.0890625
0 0.3890625 0.340625 0.034375 0.04375
0 0.37578125 0.38359375 0.0453125 0.0453125
0 0.5765625 0.421875 0.05 0.059375
1 0.653125 0.43125 0.065625 0.06875
1 0.2640625 0.45 0.096875 0.15
1 0.36015625 0.45390625 0.0578125 0.0953125
1 0.12734375 0.475 0.1203125 0.1625
0 0.5921875 0.47890625 0.040625 0.0796875
1 0.73046875 0.4828125 0.0953125 0.16875
1 0.62421875 0.50625 0.0734375 0.128125
1 0.66640625 0.54609375 0.0921875 0.1703125
0 0.5140625 0.54765625 0.075 0.1078125
1 0.90078125 0.55625 0.1984375 0.203125
0 0.20546875 0.5609375 0.0828125 0.125
0 0.54921875 0.60234375 0.0984375 0.1171875
1 0.73828125 0.621875 0.0640625 0.128125
0 0.3015625 0.653125 0.096875 0.140625
1 0.84609375 0.68203125 0.2109375 0.2890625
0 0.5578125 0.709375 0.109375 0.190625
1 0.9171875 0.8015625 0.165625 0.29375
0 0.72890625 0.85625 0.1640625 0.284375
0 0.596875 0.928125 0.125 0.14375