1 0.5765625 0.33671875 0.05625 0.0890625
1 0.33515625 0.35703125 0.0390625 0.0609375
1 0.540625 0.359375 0.046875 0.090625
0 0.54609375 0.38671875 0.0328125 0.0515625
0 0.37421875 0.396875 0.0328125 0.046875
1 0.20390625 0.4125 0.0828125 0.1125
1 0.596875 0.428125 0.096875 0.159375
0 0.4875 0.434375 0.04375 0.071875
1 0.28671875 0.43828125 0.0578125 0.0859375
1 0.7109375 0.44296875 0.11875 0.1640625
0 0.51640625 0.4703125 0.0421875 0.06875
0 0.340625 0.49609375 0.059375 0.0796875
0 0.5171875 0.51640625 0.05625 0.0953125
1 0.69921875 0.559375 0.1640625 0.23125
0 0.5390625 0.5875 0.071875 0.128125
0 0.30703125 0.6296875 0.0796875 0.1125
1 0.08828125 0.7 0.1765625 0.26875
0 0.5828125 0.715625 0.109375 0.153125
1 0.86640625 0.76875 0.2671875 0.459375
0 0.61640625 0.88125 0.1359375 0.225