1 0.3703125 0.40078125 0.040625 0.0515625
1 0.3015625 0.40546875 0.04375 0.0515625
1 0.24453125 0.41875 0.0484375 0.05625
0 0.63671875 0.42265625 0.0484375 0.0546875
0 0.5859375 0.44609375 0.046875 0.0578125
1 0.70078125 0.459375 0.0765625 0.11875
0 0.5125 0.46953125 0.05 0.0765625
0 0.6125 0.475 0.05625 0.078125
1 0.6734375 0.5671875 0.103125 0.1625
1 0.79453125 0.57421875 0.1046875 0.1234375
0 0.57734375 0.653125 0.0953125 0.146875
0 0.2375 0.8 0.128125 0.184375
1 0.8953125 0.86875 0.209375 0.2625