1 0.4640625 0.33671875 0.04375 0.0640625
1 0.52578125 0.3375 0.0515625 0.08125
0 0.46953125 0.359375 0.0265625 0.03125
1 0.56484375 0.38984375 0.0671875 0.1078125
1 0.625 0.38984375 0.05625 0.0828125
0 0.48046875 0.3953125 0.0328125 0.04375
0 0.309375 0.39609375 0.0375 0.0453125
0 0.65234375 0.43671875 0.0453125 0.0609375
0 0.49765625 0.43828125 0.0421875 0.0640625
0 0.3484375 0.453125 0.053125 0.06875
1 0.2234375 0.48984375 0.08125 0.0953125
0 0.51640625 0.49140625 0.0421875 0.0703125
1 0.7703125 0.49375 0.159375 0.2125
0 0.6328125 0.52578125 0.06875 0.0890625
0 0.53203125 0.5703125 0.0734375 0.11875
1 0.05625 0.57890625 0.1125 0.1671875
0 0.58125 0.7 0.10625 0.146875
0 0.74453125 0.709375 0.1140625 0.1625
0 0.18671875 0.9515625 0.1484375 0.096875