0 0.3875 0.34609375 0.0375 0.0453125
1 0.59375 0.37421875 0.046875 0.0765625
0 0.33203125 0.378125 0.0328125 0.040625
0 0.54921875 0.39375 0.0421875 0.0625
0 0.49296875 0.40078125 0.0390625 0.0734375
1 0.659375 0.4015625 0.08125 0.09375
1 0.30546875 0.40625 0.0421875 0.090625
0 0.35625 0.434375 0.05 0.078125
0 0.5859375 0.440625 0.05 0.08125
1 0.17734375 0.44140625 0.1078125 0.1546875
0 0.26015625 0.44609375 0.0546875 0.0671875
1 0.65078125 0.5125 0.1171875 0.18125
0 0.33828125 0.5203125 0.0640625 0.08125
0 0.5234375 0.525 0.06875 0.115625
1 0.78515625 0.53203125 0.1171875 0.2109375
0 0.2859375 0.62890625 0.096875 0.1171875
0 0.5796875 0.64140625 0.109375 0.1578125