1 0.26328125 0.36875 0.0609375 0.08125
0 0.33203125 0.36953125 0.0265625 0.0390625
1 0.5640625 0.39765625 0.053125 0.0921875
0 0.49296875 0.40234375 0.0421875 0.0421875
0 0.6421875 0.41328125 0.04375 0.0484375
0 0.4890625 0.42578125 0.034375 0.0484375
0 0.35390625 0.43125 0.0484375 0.053125
0 0.6890625 0.45390625 0.053125 0.0578125
0 0.50625 0.459375 0.046875 0.0625
0 0.5921875 0.45859375 0.046875 0.0578125
0 0.51875 0.509375 0.053125 0.071875
1 0.8171875 0.55703125 0.196875 0.2234375
0 0.54453125 0.61875 0.0890625 0.121875
0 0.73359375 0.690625 0.1140625 0.146875
1 0.94921875 0.7484375 0.1015625 0.1625
0 0.61640625 0.81015625 0.1234375 0.1796875