0 0.46875 0.340625 0.0375 0.053125
0 0.3875 0.35859375 0.040625 0.0453125
1 0.54765625 0.3625 0.0828125 0.109375
0 0.48046875 0.375 0.0453125 0.05625
1 0.61640625 0.378125 0.0546875 0.096875
0 0.38125 0.38984375 0.05 0.0546875
1 0.28828125 0.39296875 0.0984375 0.1515625
1 0.20078125 0.396875 0.1046875 0.1375
1 0.7 0.47109375 0.090625 0.1453125
0 0.51328125 0.478125 0.0640625 0.084375
1 0.22578125 0.490625 0.1515625 0.18125
0 0.35078125 0.5046875 0.0578125 0.1
0 0.078125 0.571875 0.109375 0.153125
1 0.884375 0.64453125 0.159375 0.2609375
0 0.5921875 0.646875 0.1 0.16875
0 0.76875 0.7234375 0.128125 0.1875
0 0.24609375 0.81171875 0.1953125 0.2359375