1 0.2890625 0.340625 0.05625 0.065625
1 0.3125 0.38984375 0.05625 0.0828125
0 0.4890625 0.4296875 0.034375 0.0625
0 0.49375 0.45234375 0.04375 0.0671875
1 0.246875 0.46015625 0.065625 0.0953125
1 0.63203125 0.490625 0.1203125 0.2125
0 0.5203125 0.49765625 0.053125 0.0796875
1 0.80390625 0.515625 0.1640625 0.228125
0 0.52734375 0.54375 0.0734375 0.109375
0 0.30625 0.58984375 0.071875 0.0828125
0 0.55078125 0.61875 0.0828125 0.121875
1 0.7953125 0.68984375 0.2375 0.3421875
0 0.60078125 0.77890625 0.1203125 0.1578125