0 0.38125 0.35 0.028125 0.034375
0 0.4765625 0.36484375 0.028125 0.0296875
1 0.59453125 0.37109375 0.0703125 0.0703125
0 0.65078125 0.384375 0.0390625 0.053125
1 0.49296875 0.40234375 0.0421875 0.0703125
0 0.6859375 0.4109375 0.04375 0.0625
1 0.58828125 0.4484375 0.0796875 0.1125
0 0.51171875 0.47265625 0.0578125 0.0796875
1 0.7 0.4890625 0.090625 0.10625
1 0.78671875 0.534375 0.0921875 0.084375
0 0.64609375 0.55 0.0828125 0.1125
0 0.540625 0.578125 0.090625 0.121875
1 0.95390625 0.70625 0.0921875 0.1375
1 0.8515625 0.775 0.296875 0.446875
0 0.63828125 0.85625 0.1453125 0.21875