1 0.5359375 0.30625 0.025 0.04375
1 0.50625 0.31328125 0.040625 0.0765625
0 0.45859375 0.31640625 0.0265625 0.0328125
1 0.559375 0.34375 0.040625 0.08125
0 0.5046875 0.35 0.03125 0.046875
0 0.48671875 0.3671875 0.0390625 0.0375
0 0.33515625 0.36796875 0.0265625 0.0390625
0 0.38828125 0.3734375 0.0546875 0.0375
1 0.296875 0.37734375 0.05625 0.0828125
0 0.3703125 0.40859375 0.071875 0.0578125
0 0.4953125 0.425 0.065625 0.059375
1 0.2671875 0.43828125 0.06875 0.0859375
0 0.5109375 0.49375 0.078125 0.096875
0 0.35078125 0.50625 0.0671875 0.0875
0 0.8671875 0.54453125 0.0625 0.1015625
1 0.80078125 0.55625 0.1140625 0.196875
0 0.696875 0.6 0.090625 0.128125
0 0.56796875 0.61171875 0.1078125 0.1484375
0 0.26640625 0.728125 0.1515625 0.175
0 0.88359375 0.89453125 0.1703125 0.2109375