1 0.31484375 0.33125 0.0421875 0.06875
0 0.34140625 0.3703125 0.0296875 0.03125
1 0.590625 0.371875 0.046875 0.075
1 0.30859375 0.39375 0.0296875 0.05625
0 0.55546875 0.39765625 0.0328125 0.0578125
0 0.496875 0.409375 0.0375 0.0625
1 0.190625 0.41640625 0.096875 0.1078125
1 0.671875 0.41953125 0.0875 0.1015625
0 0.37109375 0.421875 0.0578125 0.053125
0 0.27578125 0.434375 0.0640625 0.059375
0 0.596875 0.45234375 0.065625 0.0828125
0 0.34375 0.48828125 0.053125 0.0734375
1 0.6671875 0.52734375 0.13125 0.1703125
0 0.53046875 0.546875 0.0890625 0.121875
1 0.8203125 0.565625 0.13125 0.225
0 0.303125 0.56640625 0.08125 0.1171875
0 0.6 0.6953125 0.1125 0.19375
0 0.0359375 0.81875 0.071875 0.1875