1 0.33046875 0.35625 0.0390625 0.05
1 0.55078125 0.36953125 0.0640625 0.1265625
0 0.38125 0.37109375 0.034375 0.0421875
0 0.48203125 0.38984375 0.0359375 0.0421875
0 0.60390625 0.39375 0.0359375 0.046875
1 0.6578125 0.39609375 0.071875 0.1078125
1 0.20859375 0.41328125 0.0578125 0.0765625
0 0.496875 0.43671875 0.04375 0.0609375
1 0.73125 0.475 0.11875 0.128125
0 0.62109375 0.484375 0.0546875 0.06875
0 0.51953125 0.50625 0.0609375 0.075
1 0.83671875 0.60859375 0.1640625 0.2453125
0 0.56484375 0.68359375 0.1015625 0.1453125