1 0.35546875 0.3125 0.0453125 0.06875
0 0.39921875 0.3125 0.0234375 0.040625
0 0.52421875 0.34375 0.0296875 0.0375
1 0.31328125 0.37421875 0.0609375 0.0859375
0 0.5234375 0.39453125 0.05 0.0640625
1 0.365625 0.4 0.053125 0.08125
1 0.58828125 0.40625 0.0546875 0.096875
0 0.4765625 0.425 0.034375 0.05
0 0.503125 0.46015625 0.05625 0.0671875
1 0.63046875 0.49375 0.0546875 0.1125
0 0.51328125 0.50859375 0.0609375 0.1046875
0 0.8296875 0.525 0.0625 0.084375
1 0.6859375 0.528125 0.1125 0.21875
0 0.55234375 0.58203125 0.1078125 0.1265625
0 0.2953125 0.58828125 0.078125 0.1015625
0 0.5703125 0.671875 0.109375 0.171875
1 0.803125 0.68671875 0.28125 0.4234375
0 0.628125 0.88203125 0.15 0.2359375