0 0.38828125 0.34296875 0.0296875 0.0390625
1 0.55 0.390625 0.046875 0.0875
1 0.63671875 0.39921875 0.0578125 0.1109375
0 0.4890625 0.421875 0.053125 0.053125
0 0.57265625 0.42421875 0.0359375 0.0484375
0 0.58828125 0.453125 0.0421875 0.071875
0 0.50390625 0.4625 0.0734375 0.071875
1 0.7203125 0.4734375 0.08125 0.15
1 0.80078125 0.50703125 0.1140625 0.1234375
1 0.615625 0.509375 0.05625 0.128125
0 0.52265625 0.51484375 0.0671875 0.0703125
1 0.66484375 0.55 0.1015625 0.19375
0 0.559375 0.5703125 0.078125 0.10625
0 0.2953125 0.57734375 0.084375 0.0953125
1 0.5359375 0.61484375 0.084375 0.1421875
1 0.728125 0.63828125 0.046875 0.1359375
0 0.57734375 0.71953125 0.1046875 0.1390625
1 0.85390625 0.72109375 0.2296875 0.3546875
0 0.60625 0.83828125 0.14375 0.1734375
1 0.9265625 0.84765625 0.146875 0.3046875
0 0.64375 0.9484375 0.15625 0.103125