0 0.59609375 0.375 0.0390625 0.05
0 0.5484375 0.396875 0.040625 0.046875
0 0.62421875 0.41328125 0.0390625 0.0515625
1 0.2078125 0.4171875 0.06875 0.0875
0 0.4953125 0.42109375 0.040625 0.0453125
1 0.68046875 0.44296875 0.0671875 0.1015625
0 0.59375 0.45703125 0.05625 0.0734375
0 0.509375 0.4671875 0.046875 0.0625
1 0.80390625 0.5234375 0.1953125 0.2875
0 0.55234375 0.5796875 0.0828125 0.1125
0 0.94921875 0.609375 0.1015625 0.115625
1 0.71015625 0.6109375 0.1765625 0.2375
0 0.22109375 0.7875 0.1296875 0.171875
0 0.62578125 0.80390625 0.1296875 0.1953125