1 0.4625 0.309375 0.034375 0.05625
0 0.50234375 0.321875 0.0171875 0.021875
1 0.55078125 0.33359375 0.0296875 0.0453125
0 0.39296875 0.3375 0.0265625 0.03125
0 0.51171875 0.34375 0.0203125 0.028125
1 0.32734375 0.34453125 0.0546875 0.0859375
0 0.475 0.34453125 0.025 0.0265625
1 0.590625 0.3625 0.0375 0.053125
0 0.52265625 0.3625 0.0203125 0.028125
0 0.484375 0.36953125 0.025 0.0265625
0 0.37734375 0.37734375 0.0328125 0.0328125
0 0.6375 0.38515625 0.0375 0.0453125
0 0.546875 0.3875 0.028125 0.046875
0 0.36640625 0.40546875 0.0390625 0.0484375
1 0.27890625 0.40859375 0.0859375 0.1296875
0 0.4953125 0.4125 0.0375 0.05
0 0.6265625 0.415625 0.040625 0.040625
0 0.57578125 0.42265625 0.0390625 0.0578125
0 0.7 0.4859375 0.05 0.0625
1 0.11796875 0.5109375 0.0890625 0.125
0 0.81328125 0.51640625 0.0640625 0.0796875
1 0.65078125 0.52109375 0.0921875 0.1546875
0 0.325 0.56640625 0.071875 0.0921875
0 0.78359375 0.5671875 0.0734375 0.075
0 0.54609375 0.62890625 0.0828125 0.1203125
0 0.25 0.69375 0.103125 0.134375
1 0.84453125 0.83203125 0.3109375 0.3359375