0 0.3578125 0.375 0.0375 0.04375
1 0.56015625 0.384375 0.0734375 0.121875
0 0.490625 0.421875 0.0375 0.05
0 0.51484375 0.44140625 0.0453125 0.0546875
0 0.26484375 0.44375 0.0484375 0.053125
1 0.621875 0.45703125 0.1 0.1484375
0 0.5078125 0.471875 0.05625 0.065625
0 0.52421875 0.540625 0.0671875 0.1
1 0.73515625 0.60546875 0.2046875 0.3390625
1 0.88203125 0.60859375 0.1703125 0.2046875
1 0.13125 0.634375 0.125 0.165625
0 0.56015625 0.64609375 0.0921875 0.1171875
0 0.584375 0.76875 0.115625 0.178125
0 0.65234375 0.90625 0.1546875 0.178125