1 0.35234375 0.3 0.0203125 0.028125
1 0.4609375 0.3 0.034375 0.05625
0 0.3921875 0.32578125 0.01875 0.0265625
1 0.54140625 0.3265625 0.0234375 0.03125
0 0.50234375 0.32890625 0.0203125 0.0296875
0 0.46875 0.33203125 0.025 0.0265625
1 0.57265625 0.34375 0.0328125 0.05
0 0.51484375 0.35 0.0203125 0.028125
0 0.4765625 0.35546875 0.025 0.0265625
0 0.61015625 0.359375 0.0296875 0.040625
0 0.38046875 0.3625 0.0296875 0.0375
1 0.30625 0.36875 0.0625 0.09375
0 0.53359375 0.37109375 0.0234375 0.0421875
0 0.484375 0.38046875 0.03125 0.0390625
0 0.6 0.38515625 0.034375 0.0328125
0 0.5578125 0.396875 0.0375 0.05
0 0.3625 0.41640625 0.040625 0.0421875
0 0.65625 0.4453125 0.0375 0.05625
0 0.71953125 0.446875 0.0484375 0.05625
0 0.34921875 0.47109375 0.0453125 0.0671875
1 0.609375 0.471875 0.075 0.125
1 0.23203125 0.4734375 0.1140625 0.1875
0 0.70390625 0.4984375 0.0546875 0.0625
0 0.51328125 0.50703125 0.0546875 0.0734375
1 0.0203125 0.68125 0.040625 0.2125
1 0.75234375 0.6953125 0.2546875 0.29375
0 0.25 0.828125 0.134375 0.178125
0 0.67890625 0.9453125 0.1609375 0.109375