1 0.3421875 0.29375 0.028125 0.046875
1 0.58046875 0.31015625 0.0578125 0.0671875
0 0.36875 0.31484375 0.034375 0.0453125
0 0.3890625 0.33984375 0.03125 0.0421875
0 0.475 0.34375 0.034375 0.03125
1 0.521875 0.34765625 0.053125 0.0671875
0 0.4734375 0.36875 0.034375 0.0375
0 0.4828125 0.4015625 0.040625 0.05625
1 0.58828125 0.4125 0.1046875 0.184375
0 0.64296875 0.43125 0.0484375 0.071875
1 0.7171875 0.46015625 0.13125 0.1828125
0 0.509375 0.48359375 0.059375 0.0828125
0 0.3 0.55 0.0875 0.1125
1 0.02734375 0.60078125 0.0546875 0.1359375
0 0.55625 0.615625 0.09375 0.125
1 0.89921875 0.634375 0.2015625 0.225
0 0.0734375 0.76484375 0.146875 0.1796875
0 0.6375 0.8578125 0.140625 0.21875
0 0.9671875 0.96015625 0.065625 0.0796875