1 0.54140625 0.36640625 0.0421875 0.0796875
0 0.4828125 0.390625 0.034375 0.04375
1 0.6203125 0.39765625 0.075 0.0796875
0 0.5078125 0.40078125 0.03125 0.0390625
0 0.70390625 0.428125 0.0515625 0.05625
1 0.49921875 0.44609375 0.0546875 0.1046875
1 0.7546875 0.465625 0.0625 0.059375
1 0.6203125 0.49453125 0.08125 0.1265625
0 0.53125 0.53125 0.071875 0.10625
1 0.746875 0.540625 0.1 0.128125
1 0.1859375 0.546875 0.115625 0.18125
0 0.0453125 0.60390625 0.090625 0.1046875
0 0.7078125 0.64140625 0.1 0.1328125
1 0.87421875 0.64609375 0.1234375 0.1671875
0 0.5734375 0.68671875 0.103125 0.1640625