1 0.36015625 0.29765625 0.0484375 0.0796875
0 0.39765625 0.31875 0.0296875 0.0375
0 0.30546875 0.3390625 0.0359375 0.04375
0 0.28828125 0.3609375 0.0359375 0.0375
1 0.55078125 0.38125 0.0578125 0.09375
1 0.63828125 0.3875 0.0984375 0.10625
0 0.49140625 0.39765625 0.0390625 0.0546875
0 0.69765625 0.409375 0.0359375 0.075
0 0.4984375 0.41953125 0.0375 0.0390625
0 0.5703125 0.425 0.040625 0.0625
1 0.2734375 0.43046875 0.09375 0.1265625
0 0.5953125 0.45 0.046875 0.08125
0 0.50703125 0.459375 0.0453125 0.071875
1 0.796875 0.48125 0.20625 0.25
0 0.51875 0.49375 0.059375 0.09375
1 0.625 0.5046875 0.084375 0.1625
0 0.5359375 0.52578125 0.065625 0.0890625
1 0.66875 0.54765625 0.1125 0.2078125
0 0.5578125 0.56875 0.06875 0.13125
1 0.5390625 0.62890625 0.1 0.1703125
1 0.746875 0.6375 0.075 0.15
1 0.94453125 0.690625 0.1109375 0.321875
0 0.5828125 0.73671875 0.109375 0.1890625
1 0.865625 0.74296875 0.253125 0.4515625
0 0.61640625 0.8796875 0.1453125 0.240625