1 0.321875 0.35390625 0.053125 0.0828125
0 0.375 0.38125 0.0375 0.046875
0 0.48203125 0.38984375 0.0359375 0.0453125
0 0.625 0.39375 0.03125 0.075
1 0.26015625 0.39921875 0.0546875 0.0765625
1 0.571875 0.39921875 0.08125 0.1359375
1 0.6859375 0.43671875 0.10625 0.1484375
0 0.35 0.45078125 0.05 0.0609375
0 0.521875 0.5140625 0.0625 0.09375
1 0.8296875 0.52734375 0.1375 0.1328125
0 0.1984375 0.53125 0.075 0.08125
0 0.67578125 0.57265625 0.0828125 0.1296875
1 0.11796875 0.646875 0.1203125 0.18125
0 0.2875 0.69765625 0.1 0.1296875
1 0.84765625 0.76015625 0.3046875 0.4796875
0 0.66171875 0.81171875 0.1515625 0.2140625