1 0.56015625 0.378125 0.0671875 0.125
1 0.23359375 0.38046875 0.0890625 0.1140625
1 0.49609375 0.39375 0.0640625 0.11875
1 0.61640625 0.39375 0.0359375 0.06875
0 0.3125 0.40546875 0.034375 0.0515625
0 0.36640625 0.42421875 0.0359375 0.0515625
1 0.65546875 0.43046875 0.0546875 0.0984375
1 0.2328125 0.47265625 0.10625 0.1578125
0 0.5265625 0.48046875 0.059375 0.0890625
0 0.32109375 0.5125 0.0671875 0.0875
0 0.8671875 0.665625 0.11875 0.140625
0 0.265625 0.6765625 0.10625 0.11875
0 0.68203125 0.696875 0.1109375 0.15
0 0.0609375 0.75 0.121875 0.14375