1 0.3765625 0.27421875 0.025 0.0390625
1 0.4140625 0.275 0.025 0.040625
1 0.340625 0.278125 0.028125 0.034375
1 0.35390625 0.28125 0.0046875 0.00625
1 0.35390625 0.28125 0.0046875 0.00625
0 0.45390625 0.28125 0.0015625 0.00625
1 0.37734375 0.29140625 0.0015625 0.0078125
0 0.453125 0.29453125 0.01875 0.0265625
1 0.35859375 0.30234375 0.0359375 0.0546875
0 0.4609375 0.30859375 0.01875 0.0203125
1 0.50390625 0.3125 0.0296875 0.075
0 0.46484375 0.321875 0.0234375 0.028125
1 0.39296875 0.32421875 0.0359375 0.0640625
1 0.58359375 0.34375 0.0453125 0.065625
0 0.471875 0.35625 0.025 0.034375
1 0.528125 0.36484375 0.040625 0.0796875
1 0.32890625 0.36796875 0.0515625 0.0765625
1 0.61015625 0.3984375 0.0515625 0.0625
0 0.484375 0.40234375 0.028125 0.0328125
1 0.5640625 0.40234375 0.0375 0.0828125
1 0.6609375 0.42265625 0.053125 0.0828125
0 0.49765625 0.428125 0.0015625 0.00625
0 0.5703125 0.440625 0.025 0.04375
0 0.49609375 0.44375 0.0359375 0.034375
0 0.596875 0.46171875 0.034375 0.0640625
0 0.5109375 0.4765625 0.040625 0.04375
1 0.73671875 0.49765625 0.0828125 0.1296875
1 0.6328125 0.55390625 0.059375 0.1421875
0 0.0875 0.55625 0.065625 0.121875
0 0.52578125 0.56953125 0.0609375 0.1015625
1 0.68359375 0.57109375 0.0921875 0.1921875
1 0.82265625 0.63828125 0.0078125 0.0109375
1 0.82265625 0.63828125 0.0078125 0.0109375
0 0.7453125 0.65546875 0.04375 0.1359375
0 0.55703125 0.69453125 0.0828125 0.1234375
1 0.8609375 0.73203125 0.18125 0.3140625
0 0.24609375 0.734375 0.0921875 0.125
1 0.93046875 0.8296875 0.1390625 0.2625
0 0.615625 0.83203125 0.1625 0.1890625
0 0.64609375 0.9484375 0.1828125 0.103125