1 0.50390625 0.31328125 0.0390625 0.0609375
0 0.390625 0.33828125 0.025 0.0359375
0 0.3453125 0.34375 0.028125 0.0375
0 0.46796875 0.346875 0.0265625 0.0375
0 0.5875 0.37421875 0.03125 0.0484375
0 0.540625 0.37734375 0.040625 0.0421875
0 0.4921875 0.39140625 0.04375 0.0328125
0 0.56171875 0.41328125 0.0453125 0.0609375
1 0.19296875 0.415625 0.0984375 0.13125
1 0.66484375 0.42265625 0.1015625 0.1453125
0 0.48671875 0.425 0.0390625 0.05625
0 0.51640625 0.465625 0.0484375 0.071875
1 0.59765625 0.46640625 0.0609375 0.0921875
0 0.52890625 0.509375 0.0515625 0.071875
0 0.67421875 0.56875 0.0828125 0.103125
0 0.54296875 0.57421875 0.0734375 0.1109375
0 0.578125 0.68359375 0.090625 0.1203125
1 0.85 0.79375 0.190625 0.278125
1 0.9703125 0.83203125 0.059375 0.1515625
0 0.6609375 0.86796875 0.15625 0.2515625