1 0.3265625 0.36328125 0.04375 0.0609375
1 0.63203125 0.38046875 0.0609375 0.0890625
1 0.5390625 0.390625 0.028125 0.071875
0 0.67734375 0.4 0.0328125 0.05625
0 0.49296875 0.40390625 0.0328125 0.0421875
0 0.3640625 0.41875 0.040625 0.05
1 0.58515625 0.41875 0.0609375 0.125
0 0.50390625 0.44609375 0.0484375 0.0671875
1 0.62734375 0.4875 0.0859375 0.140625
1 0.78125 0.55859375 0.18125 0.1703125
0 0.546875 0.571875 0.06875 0.09375
0 0.70625 0.7078125 0.121875 0.15625
1 0.6859375 0.8953125 0.184375 0.209375