0 0.503125 0.32890625 0.021875 0.0328125
0 0.3875 0.334375 0.028125 0.028125
0 0.46484375 0.340625 0.0234375 0.034375
0 0.47734375 0.35703125 0.0234375 0.0390625
1 0.6078125 0.37578125 0.040625 0.0984375
0 0.37890625 0.37734375 0.0265625 0.0296875
0 0.653125 0.38671875 0.0375 0.0515625
1 0.5671875 0.3984375 0.065625 0.125
0 0.4859375 0.40234375 0.028125 0.0453125
0 0.2953125 0.421875 0.040625 0.04375
0 0.3640625 0.4296875 0.046875 0.075
1 0.7109375 0.47109375 0.103125 0.1296875
0 0.2875 0.6515625 0.103125 0.14375
1 0.10078125 0.66171875 0.2015625 0.2859375
0 0.72421875 0.93125 0.1578125 0.109375
0 0.940625 0.953125 0.115625 0.08125