1 0.31328125 0.35234375 0.0578125 0.0921875
1 0.265625 0.36328125 0.040625 0.0484375
0 0.59453125 0.37578125 0.0296875 0.0390625
0 0.546875 0.384375 0.03125 0.05
1 0.23359375 0.39375 0.0515625 0.075
0 0.634375 0.41171875 0.046875 0.0515625
1 0.19140625 0.42734375 0.0671875 0.0796875
0 0.3703125 0.43203125 0.040625 0.0515625
0 0.50078125 0.45078125 0.0453125 0.0640625
0 0.60703125 0.49921875 0.0578125 0.0765625
1 0.73671875 0.50390625 0.1359375 0.1546875
0 0.52890625 0.525 0.0609375 0.08125
1 0.19375 0.53203125 0.096875 0.1609375
0 0.69765625 0.60859375 0.0828125 0.0953125
0 0.3078125 0.61640625 0.08125 0.1046875
1 0.09453125 0.678125 0.1546875 0.240625
0 0.828125 0.76875 0.140625 0.178125
0 0.20078125 0.92265625 0.1484375 0.1546875