0 0.35625 0.33515625 0.028125 0.0421875
0 0.48046875 0.38125 0.0328125 0.04375
1 0.64765625 0.3875 0.0859375 0.134375
0 0.30625 0.3984375 0.034375 0.05
1 0.5671875 0.40390625 0.071875 0.0921875
0 0.49765625 0.4125 0.0390625 0.05625
0 0.3609375 0.44375 0.04375 0.05625
0 0.503125 0.46328125 0.04375 0.0609375
0 0.65078125 0.55390625 0.0671875 0.0953125
0 0.53359375 0.56328125 0.0640625 0.1015625
0 0.20078125 0.61953125 0.0953125 0.1109375
1 0.85703125 0.75078125 0.2859375 0.4984375
0 0.6390625 0.8875 0.1375 0.20625