1 0.3015625 0.33671875 0.040625 0.0515625
1 0.590625 0.3375 0.059375 0.084375
1 0.5359375 0.346875 0.05625 0.1
1 0.484375 0.36796875 0.05625 0.1015625
0 0.3734375 0.40390625 0.04375 0.0546875
1 0.28984375 0.415625 0.0609375 0.084375
1 0.21640625 0.41796875 0.0671875 0.0859375
0 0.4984375 0.43828125 0.05625 0.0765625
1 0.62734375 0.475 0.1234375 0.203125
0 0.33984375 0.484375 0.0640625 0.084375
1 0.7640625 0.496875 0.140625 0.190625
0 0.63125 0.81953125 0.1375 0.2109375
0 0.91015625 0.88828125 0.1796875 0.2234375