0 0.34296875 0.36640625 0.0390625 0.0546875
1 0.23125 0.3875 0.071875 0.08125
1 0.66640625 0.4125 0.1015625 0.11875
0 0.35703125 0.45390625 0.0515625 0.0796875
0 0.603125 0.4546875 0.065625 0.0875
0 0.51171875 0.4625 0.0640625 0.0625
0 0.51953125 0.4875 0.0484375 0.065625
0 0.63515625 0.509375 0.0859375 0.125
0 0.275 0.52890625 0.065625 0.0828125
0 0.53046875 0.53046875 0.0609375 0.0734375
1 0.8890625 0.6 0.221875 0.384375
0 0.58671875 0.60625 0.0828125 0.11875
1 0.71328125 0.60546875 0.1453125 0.2234375
1 0.55 0.65859375 0.084375 0.1671875
0 0.61953125 0.9 0.1453125 0.2