1 0.32265625 0.35 0.0546875 0.096875
1 0.60703125 0.365625 0.0640625 0.1
1 0.23515625 0.37421875 0.0796875 0.1109375
1 0.5515625 0.3921875 0.046875 0.0875
0 0.4984375 0.41875 0.046875 0.065625
1 0.68046875 0.45 0.0609375 0.096875
0 0.59375 0.4515625 0.053125 0.06875
0 0.51875 0.51875 0.06875 0.096875
1 0.115625 0.52578125 0.103125 0.1140625
0 0.7484375 0.54140625 0.078125 0.1078125
0 0.64296875 0.559375 0.0765625 0.1
1 0.18828125 0.5953125 0.0921875 0.11875
1 0.92734375 0.665625 0.1453125 0.240625
0 0.63359375 0.76640625 0.1359375 0.1828125