0 0.475 0.3546875 0.028125 0.0375
0 0.52578125 0.3609375 0.0265625 0.05
1 0.2578125 0.36953125 0.078125 0.1140625
0 0.48515625 0.403125 0.0265625 0.040625
1 0.640625 0.40859375 0.059375 0.1203125
0 0.3671875 0.41015625 0.05 0.0546875
1 0.57578125 0.42109375 0.0640625 0.1171875
0 0.371875 0.44765625 0.04375 0.0796875
0 0.51640625 0.44921875 0.0484375 0.0859375
0 0.778125 0.49921875 0.06875 0.0984375
0 0.23671875 0.53359375 0.0734375 0.0921875
1 0.13828125 0.63828125 0.1359375 0.1984375
0 0.60703125 0.73984375 0.1046875 0.1796875
0 0.253125 0.790625 0.13125 0.1875