1 0.534375 0.359375 0.0625 0.0875
0 0.4734375 0.3640625 0.028125 0.03125
1 0.6625 0.3875 0.1 0.1125
0 0.48125 0.39375 0.0375 0.04375
0 0.34609375 0.425 0.0453125 0.053125
0 0.28515625 0.42578125 0.0421875 0.0640625
0 0.490625 0.4359375 0.05 0.0625
1 0.58515625 0.43515625 0.0828125 0.1578125
0 0.509375 0.453125 0.04375 0.0375
0 0.71640625 0.490625 0.0359375 0.065625
1 0.65546875 0.5 0.1234375 0.228125
0 0.51484375 0.50625 0.0640625 0.0875
0 0.7609375 0.52578125 0.065625 0.0734375
0 0.79453125 0.55625 0.0671875 0.059375
0 0.5515625 0.57265625 0.096875 0.1203125
0 0.3109375 0.5875 0.08125 0.10625
0 0.13203125 0.60546875 0.0921875 0.0984375
0 0.69375 0.615625 0.0875 0.1375
0 0.559375 0.65625 0.096875 0.11875
0 0.9359375 0.7125 0.1 0.15625
0 0.58046875 0.75625 0.1171875 0.171875
1 0.85625 0.76953125 0.259375 0.4015625
0 0.63203125 0.86875 0.1390625 0.209375