1 0.2734375 0.35703125 0.040625 0.0484375
1 0.24765625 0.38046875 0.0453125 0.0640625
0 0.6234375 0.415625 0.04375 0.05625
0 0.6890625 0.41875 0.046875 0.05625
0 0.57109375 0.41953125 0.0390625 0.0640625
1 0.265625 0.43125 0.059375 0.09375
0 0.3609375 0.446875 0.046875 0.05625
0 0.17890625 0.45546875 0.0515625 0.0765625
0 0.6828125 0.4625 0.0625 0.071875
1 0.23046875 0.48125 0.0734375 0.134375
0 0.52109375 0.525 0.0609375 0.090625
0 0.33125 0.53203125 0.059375 0.0734375
0 0.09375 0.60859375 0.103125 0.1171875
0 0.6765625 0.6140625 0.084375 0.10625
1 0.86875 0.6296875 0.23125 0.2375
0 0.29609375 0.6328125 0.0921875 0.10625
0 0.57734375 0.68125 0.0984375 0.1375
0 0.22890625 0.81875 0.1390625 0.171875
0 0.85546875 0.8375 0.1484375 0.175