1 0.29765625 0.33203125 0.0453125 0.0609375
0 0.38125 0.34375 0.028125 0.05
1 0.33828125 0.346875 0.0453125 0.08125
1 0.6140625 0.378125 0.046875 0.0875
0 0.36875 0.39453125 0.040625 0.0484375
1 0.28125 0.4 0.059375 0.08125
1 0.65234375 0.40546875 0.0703125 0.1109375
0 0.58515625 0.440625 0.0609375 0.06875
1 0.24296875 0.45078125 0.0640625 0.1015625
0 0.78515625 0.46875 0.0734375 0.0625
1 0.51484375 0.478125 0.0609375 0.078125
1 0.72421875 0.484375 0.0734375 0.125
1 0.62421875 0.50625 0.0796875 0.13125
1 0.8421875 0.528125 0.134375 0.11875
1 0.6734375 0.559375 0.1 0.196875
0 0.325 0.575 0.078125 0.0875
0 0.52109375 0.57890625 0.0765625 0.1078125
0 0.56015625 0.63125 0.0828125 0.146875
1 0.85546875 0.70234375 0.2015625 0.3078125
0 0.5890625 0.796875 0.115625 0.19375
1 0.92421875 0.8 0.1515625 0.25