1 0.53359375 0.35078125 0.0515625 0.0890625
1 0.60390625 0.38125 0.0453125 0.05625
0 0.48125 0.38359375 0.03125 0.0453125
1 0.2359375 0.38671875 0.059375 0.0765625
0 0.55546875 0.4125 0.0453125 0.053125
0 0.63515625 0.421875 0.0484375 0.05625
0 0.50078125 0.43515625 0.0453125 0.0578125
1 0.6921875 0.45234375 0.075 0.1078125
0 0.6125 0.48515625 0.0625 0.0828125
0 0.5125 0.4875 0.05625 0.075
0 0.30234375 0.559375 0.0796875 0.103125
1 0.84921875 0.56015625 0.2546875 0.3578125
0 0.571875 0.62734375 0.103125 0.1453125
1 0.76953125 0.7 0.2328125 0.328125