0 0.35078125 0.346875 0.0265625 0.040625
1 0.25 0.3796875 0.046875 0.0875
0 0.3671875 0.41015625 0.040625 0.0546875
1 0.671875 0.440625 0.10625 0.153125
0 0.59375 0.44296875 0.0375 0.0515625
0 0.3046875 0.44765625 0.05 0.0546875
0 0.5078125 0.4640625 0.046875 0.05625
0 0.5203125 0.48984375 0.05 0.0546875
0 0.53125 0.53046875 0.053125 0.0765625
1 0.6421875 0.534375 0.0875 0.146875
1 0.89609375 0.61015625 0.2078125 0.3796875
0 0.58515625 0.615625 0.0734375 0.115625
1 0.73828125 0.62734375 0.1484375 0.2828125
1 0.546875 0.6625 0.075 0.175
1 0.0796875 0.69375 0.153125 0.246875
0 0.25390625 0.765625 0.1234375 0.1625
0 0.6421875 0.9296875 0.1625 0.140625