1 0.371875 0.30859375 0.025 0.0296875
0 0.49921875 0.31640625 0.0265625 0.0296875
0 0.30625 0.35 0.025 0.03125
0 0.48046875 0.35 0.0328125 0.046875
0 0.33671875 0.3515625 0.0296875 0.04375
0 0.52421875 0.35390625 0.0265625 0.0421875
0 0.3828125 0.3765625 0.0375 0.04375
0 0.48984375 0.3875 0.0328125 0.046875
0 0.646875 0.41796875 0.06875 0.0734375
0 0.3421875 0.471875 0.059375 0.078125
0 0.546875 0.49609375 0.059375 0.0921875
1 0.65703125 0.5 0.1109375 0.165625
1 0.87734375 0.8140625 0.2453125 0.371875