1 0.25546875 0.36875 0.0609375 0.08125
0 0.32890625 0.371875 0.0265625 0.040625
1 0.5640625 0.39765625 0.053125 0.0921875
0 0.49296875 0.40234375 0.0421875 0.0421875
0 0.6421875 0.41328125 0.04375 0.0484375
0 0.4890625 0.42578125 0.034375 0.0484375
0 0.684375 0.44375 0.053125 0.059375
0 0.34765625 0.45 0.0484375 0.053125
0 0.590625 0.45390625 0.046875 0.0578125
0 0.5078125 0.4609375 0.046875 0.0625
0 0.51875 0.50546875 0.053125 0.0734375
1 0.815625 0.55 0.19375 0.209375
0 0.53984375 0.61484375 0.0890625 0.1203125
0 0.72890625 0.67578125 0.1140625 0.1484375
1 0.9421875 0.7375 0.115625 0.165625
0 0.6109375 0.79453125 0.115625 0.1734375