1 0.32265625 0.31484375 0.0328125 0.0453125
0 0.39140625 0.33203125 0.0265625 0.0359375
1 0.6078125 0.34921875 0.06875 0.1109375
1 0.28046875 0.353125 0.0390625 0.05625
1 0.54609375 0.35859375 0.0640625 0.1078125
1 0.32578125 0.36171875 0.0359375 0.0609375
0 0.37890625 0.36953125 0.0359375 0.0484375
1 0.490625 0.37578125 0.0625 0.0984375
0 0.684375 0.41015625 0.04375 0.0578125
0 0.52890625 0.534375 0.0640625 0.09375
0 0.33046875 0.54140625 0.0671875 0.0796875
1 0.19296875 0.5578125 0.1109375 0.14375
1 0.06484375 0.5765625 0.1296875 0.20625
1 0.7265625 0.603125 0.2125 0.325
1 0.88359375 0.609375 0.2265625 0.296875
1 0.06796875 0.83046875 0.1359375 0.3015625