0 0.51875 0.35078125 0.028125 0.0390625
0 0.38046875 0.371875 0.0359375 0.05
0 0.60703125 0.37734375 0.0203125 0.0546875
0 0.48515625 0.396875 0.0390625 0.0625
1 0.571875 0.403125 0.078125 0.090625
1 0.196875 0.41875 0.04375 0.08125
0 0.36015625 0.42890625 0.0421875 0.0453125
1 0.2625 0.446875 0.071875 0.146875
1 0.725 0.475 0.128125 0.18125
0 0.54921875 0.528125 0.0921875 0.121875
0 0.321875 0.54921875 0.071875 0.1015625
0 0.065625 0.578125 0.078125 0.1
0 0.77109375 0.69609375 0.1265625 0.1796875
0 0.58984375 0.71640625 0.0921875 0.1671875
0 0.21953125 0.81875 0.1390625 0.146875
0 0.903125 0.921875 0.19375 0.146875