0 0.3890625 0.35 0.034375 0.053125
1 0.28203125 0.35234375 0.0546875 0.0671875
0 0.35078125 0.353125 0.0421875 0.05625
1 0.30078125 0.41015625 0.0390625 0.0453125
1 0.6890625 0.440625 0.121875 0.1625
1 0.26875 0.44375 0.096875 0.14375
0 0.35703125 0.44765625 0.0578125 0.0828125
0 0.60078125 0.453125 0.0578125 0.075
0 0.34140625 0.4921875 0.0671875 0.1
0 0.515625 0.5 0.0625 0.08125
0 0.72265625 0.51015625 0.0734375 0.0953125
0 0.6265625 0.5234375 0.065625 0.1
0 0.5375 0.54765625 0.075 0.1078125
0 0.790625 0.57578125 0.084375 0.0765625
1 0.66484375 0.57890625 0.1015625 0.1828125
0 0.59453125 0.6375 0.1015625 0.134375
1 0.90625 0.64140625 0.1875 0.4203125
1 0.546875 0.71484375 0.109375 0.2171875
0 0.13671875 0.71875 0.1421875 0.196875
1 0.8296875 0.78046875 0.23125 0.3984375