1 0.34296875 0.3296875 0.0484375 0.0625
1 0.521875 0.33671875 0.034375 0.0609375
1 0.2875 0.34375 0.05625 0.071875
1 0.56953125 0.353125 0.0359375 0.065625
0 0.38203125 0.3609375 0.0265625 0.0375
1 0.2453125 0.36796875 0.078125 0.0859375
0 0.36015625 0.40625 0.0359375 0.046875
1 0.284375 0.415625 0.0875 0.11875
1 0.190625 0.4296875 0.06875 0.1
0 0.58046875 0.446875 0.0484375 0.065625
0 0.52421875 0.459375 0.0484375 0.078125
1 0.32578125 0.515625 0.0703125 0.09375
0 0.05078125 0.778125 0.1015625 0.175