0 0.31875 0.32578125 0.021875 0.0359375
0 0.34765625 0.328125 0.0234375 0.040625
0 0.38671875 0.3375 0.0296875 0.034375
1 0.55 0.37421875 0.040625 0.0765625
0 0.6109375 0.40234375 0.040625 0.0546875
0 0.5046875 0.4171875 0.040625 0.0625
0 0.35703125 0.425 0.0578125 0.078125
0 0.515625 0.48515625 0.053125 0.0703125
0 0.703125 0.4859375 0.059375 0.0625
0 0.628125 0.51328125 0.0625 0.0890625
1 0.840625 0.5859375 0.128125 0.2
0 0.68203125 0.5875 0.0796875 0.115625
0 0.54765625 0.590625 0.0765625 0.121875
0 0.2828125 0.63125 0.15625 0.134375
1 0.7953125 0.734375 0.171875 0.284375