1 0.54921875 0.3734375 0.0640625 0.1
0 0.496875 0.41015625 0.040625 0.0546875
1 0.6703125 0.41875 0.084375 0.121875
1 0.571875 0.4375 0.040625 0.096875
0 0.50859375 0.46171875 0.0453125 0.0609375
1 0.6265625 0.47421875 0.0875 0.1609375
0 0.15546875 0.49375 0.0578125 0.071875
0 0.79296875 0.49765625 0.0734375 0.0828125
0 0.334375 0.515625 0.065625 0.071875
0 0.534375 0.540625 0.065625 0.09375
1 0.70703125 0.59375 0.1234375 0.221875
1 0.88671875 0.709375 0.2234375 0.29375
0 0.653125 0.8625 0.1375 0.215625