1 0.52109375 0.30078125 0.0234375 0.0390625
0 0.5625 0.31796875 0.01875 0.0265625
0 0.30546875 0.321875 0.0390625 0.053125
0 0.35078125 0.328125 0.0203125 0.04375
0 0.46484375 0.3375 0.0234375 0.034375
0 0.54296875 0.34765625 0.0359375 0.0453125
0 0.5875 0.353125 0.03125 0.075
0 0.38515625 0.35546875 0.0234375 0.0359375
0 0.484375 0.35703125 0.01875 0.0515625
0 0.33671875 0.359375 0.0203125 0.0375
1 0.30703125 0.3875 0.0390625 0.059375
0 0.3671875 0.3984375 0.034375 0.05
0 0.5390625 0.39765625 0.040625 0.0546875
1 0.2234375 0.39921875 0.05625 0.0484375
0 0.5796875 0.4234375 0.040625 0.05
0 0.33984375 0.45234375 0.0484375 0.0546875
1 0.1703125 0.4734375 0.0625 0.1
0 0.6140625 0.49921875 0.065625 0.0859375
0 0.3375 0.521875 0.06875 0.075
0 0.53828125 0.5375 0.0578125 0.084375
0 0.68984375 0.55625 0.0828125 0.084375
0 0.21171875 0.57109375 0.0921875 0.1078125
0 0.03984375 0.66328125 0.0640625 0.1109375
0 0.27265625 0.71484375 0.1203125 0.1796875
0 0.04296875 0.834375 0.0671875 0.159375
0 0.83828125 0.85625 0.1046875 0.171875
0 0.6859375 0.90703125 0.10625 0.1859375