1 0.33046875 0.365625 0.0390625 0.059375
0 0.54296875 0.378125 0.0328125 0.053125
0 0.36796875 0.4140625 0.0390625 0.05625
1 0.69375 0.42578125 0.1 0.1359375
1 0.596875 0.428125 0.096875 0.159375
1 0.18671875 0.4296875 0.0953125 0.125
0 0.4890625 0.43671875 0.04375 0.0734375
1 0.26796875 0.46640625 0.0734375 0.0921875
0 0.51484375 0.4703125 0.0390625 0.06875
0 0.51640625 0.5125 0.0609375 0.1
1 0.67890625 0.53828125 0.1390625 0.2109375
0 0.32578125 0.5421875 0.0671875 0.1
0 0.83828125 0.55390625 0.0671875 0.0953125
0 0.5359375 0.58125 0.06875 0.115625
0 0.5828125 0.715625 0.10625 0.14375
0 0.2671875 0.740625 0.109375 0.146875
1 0.86640625 0.76875 0.2671875 0.459375
1 0.0546875 0.82578125 0.109375 0.3390625
0 0.61640625 0.88125 0.1359375 0.225