0 0.3828125 0.36328125 0.03125 0.0359375
0 0.4765625 0.3765625 0.034375 0.04375
1 0.26171875 0.38125 0.0453125 0.0625
0 0.3171875 0.3828125 0.034375 0.04375
1 0.6171875 0.39375 0.040625 0.075
0 0.54921875 0.4 0.0359375 0.05
1 0.20859375 0.403125 0.0515625 0.084375
0 0.37265625 0.41015625 0.0390625 0.0421875
0 0.49453125 0.415625 0.0390625 0.053125
0 0.58671875 0.43203125 0.0484375 0.0734375
0 0.35546875 0.46015625 0.0484375 0.0703125
0 0.6828125 0.46796875 0.059375 0.0765625
1 0.21796875 0.4921875 0.0828125 0.125
0 0.51875 0.50546875 0.05625 0.1015625
1 0.6421875 0.51171875 0.06875 0.1234375
1 0.059375 0.5625 0.11875 0.159375
0 0.546875 0.596875 0.078125 0.121875
0 0.30703125 0.60859375 0.0734375 0.1046875
1 0.84453125 0.74296875 0.3046875 0.4984375