1 0.37734375 0.3640625 0.0265625 0.03125
1 0.5546875 0.38203125 0.065625 0.1109375
1 0.634375 0.40703125 0.05625 0.0734375
0 0.4921875 0.42109375 0.040625 0.0453125
0 0.59296875 0.465625 0.0546875 0.065625
0 0.6828125 0.47578125 0.05625 0.0734375
1 0.12421875 0.49453125 0.0921875 0.1234375
0 0.53046875 0.5046875 0.0578125 0.075
0 0.32265625 0.52734375 0.0609375 0.0671875
1 0.76796875 0.528125 0.0953125 0.14375
1 0.92265625 0.63671875 0.1546875 0.3609375
0 0.709375 0.6421875 0.109375 0.1375
0 0.5609375 0.6484375 0.0875 0.1125