0 0.47734375 0.35859375 0.0453125 0.0578125
0 0.53046875 0.36171875 0.0359375 0.0515625
1 0.26796875 0.36953125 0.0578125 0.0859375
0 0.3796875 0.38203125 0.04375 0.0359375
0 0.38203125 0.41953125 0.0390625 0.0390625
0 0.49375 0.42421875 0.040625 0.0515625
1 0.5828125 0.425 0.078125 0.1125
1 0.66328125 0.42578125 0.0703125 0.1359375
0 0.5234375 0.471875 0.059375 0.084375
0 0.26484375 0.475 0.0546875 0.05625
0 0.82890625 0.53671875 0.0890625 0.1140625
1 0.1921875 0.55625 0.0875 0.125
1 0.02578125 0.60625 0.0515625 0.19375
0 0.2984375 0.63828125 0.090625 0.1265625
0 0.0484375 0.80859375 0.096875 0.1828125
0 0.6453125 0.853125 0.178125 0.24375