1 0.321875 0.321875 0.028125 0.04375
0 0.3953125 0.33828125 0.025 0.0359375
0 0.35234375 0.3421875 0.0296875 0.0375
1 0.603125 0.36015625 0.0625 0.0953125
0 0.48203125 0.365625 0.0296875 0.03125
0 0.5390625 0.384375 0.034375 0.04375
0 0.490625 0.396875 0.034375 0.046875
1 0.29375 0.409375 0.059375 0.0875
0 0.228125 0.421875 0.053125 0.071875
0 0.49609375 0.446875 0.0484375 0.0625
1 0.8546875 0.48125 0.1125 0.1125
1 0.64375 0.49609375 0.134375 0.2203125
0 0.1171875 0.54296875 0.08125 0.0890625
0 0.53203125 0.54375 0.0671875 0.1
0 0.3 0.5921875 0.084375 0.1125
1 0.85703125 0.621875 0.1359375 0.16875
0 0.58125 0.678125 0.103125 0.153125