1 0.61640625 0.34296875 0.0671875 0.0734375
1 0.28046875 0.34921875 0.0578125 0.0859375
0 0.47734375 0.35859375 0.0453125 0.0578125
0 0.53046875 0.36171875 0.0359375 0.0515625
0 0.3828125 0.36796875 0.04375 0.0359375
0 0.38203125 0.41953125 0.0390625 0.0390625
0 0.49375 0.42421875 0.040625 0.0515625
1 0.59375 0.43984375 0.078125 0.1203125
1 0.6953125 0.44453125 0.084375 0.1359375
0 0.2859375 0.45 0.065625 0.078125
1 0.24375 0.496875 0.0875 0.125
0 0.53125 0.5 0.059375 0.109375
1 0.06328125 0.546875 0.1265625 0.19375
0 0.325 0.553125 0.090625 0.128125
0 0.921875 0.6078125 0.125 0.13125
0 0.1359375 0.62734375 0.121875 0.1328125
0 0.2484375 0.85 0.171875 0.171875
0 0.69140625 0.9578125 0.1484375 0.08125