0 0.39609375 0.325 0.0203125 0.03125
0 0.4703125 0.328125 0.034375 0.040625
1 0.33203125 0.33125 0.0546875 0.09375
0 0.39296875 0.34375 0.0359375 0.046875
0 0.528125 0.36796875 0.040625 0.0515625
0 0.48046875 0.384375 0.0328125 0.046875
1 0.303125 0.38515625 0.05625 0.0921875
0 0.38125 0.38984375 0.04375 0.0453125
0 0.3484375 0.44140625 0.046875 0.0578125
0 0.59921875 0.46484375 0.0546875 0.0796875
1 0.09375 0.48984375 0.13125 0.1203125
1 0.215625 0.5265625 0.103125 0.20625
1 0.71640625 0.55859375 0.1484375 0.2328125
0 0.63125 0.84296875 0.134375 0.1859375