1 0.35625 0.31875 0.04375 0.075
1 0.396875 0.32734375 0.040625 0.0671875
0 0.37578125 0.37109375 0.0390625 0.0546875
1 0.71640625 0.425 0.1546875 0.146875
0 0.36171875 0.43125 0.0453125 0.065625
1 0.61015625 0.4375 0.0640625 0.13125
0 0.55234375 0.4625 0.0703125 0.090625
1 0.2171875 0.475 0.13125 0.2125
0 0.503125 0.4890625 0.0625 0.08125
0 0.65546875 0.52890625 0.0546875 0.1296875
0 0.52265625 0.55625 0.0796875 0.1125
1 0.73671875 0.584375 0.1578125 0.25625
0 0.56484375 0.66015625 0.1109375 0.1546875
1 0.86015625 0.765625 0.2796875 0.46875
0 0.60078125 0.796875 0.1515625 0.23125