0 0.3921875 0.340625 0.015625 0.034375
0 0.46953125 0.35390625 0.0203125 0.0421875
0 0.54140625 0.37109375 0.0265625 0.0421875
0 0.36640625 0.378125 0.0390625 0.053125
1 0.3015625 0.390625 0.065625 0.078125
0 0.4875 0.39375 0.03125 0.059375
1 0.584375 0.425 0.05 0.125
0 0.36484375 0.43046875 0.0328125 0.0484375
1 0.121875 0.48125 0.0625 0.0875
0 0.5109375 0.49375 0.059375 0.1125
1 0.66015625 0.503125 0.1453125 0.215625
1 0.20859375 0.51640625 0.0640625 0.1421875
0 0.3234375 0.5625 0.059375 0.09375
1 0.0359375 0.628125 0.05625 0.140625
0 0.59765625 0.675 0.0859375 0.153125
1 0.94140625 0.69765625 0.1171875 0.3046875
0 0.18125 0.9078125 0.146875 0.14375