1 0.36640625 0.30078125 0.0359375 0.0640625
0 0.40234375 0.31015625 0.0234375 0.0296875
0 0.3203125 0.328125 0.028125 0.03125
1 0.53125 0.346875 0.05 0.071875
0 0.4703125 0.35234375 0.028125 0.0171875
0 0.48046875 0.36953125 0.0359375 0.0234375
0 0.596875 0.37109375 0.034375 0.0546875
1 0.55546875 0.384375 0.0484375 0.090625
1 0.309375 0.38515625 0.065625 0.0703125
1 0.6421875 0.390625 0.084375 0.090625
0 0.4984375 0.4015625 0.04375 0.04375
0 0.56875 0.41328125 0.0375 0.0390625
0 0.590625 0.43984375 0.0375 0.0453125
0 0.509375 0.44375 0.0375 0.03125
0 0.5171875 0.47421875 0.059375 0.0484375
1 0.81171875 0.484375 0.2140625 0.209375
1 0.61484375 0.503125 0.0515625 0.134375
0 0.528125 0.5125 0.05625 0.05
1 0.6703125 0.5421875 0.1125 0.175
0 0.55625 0.565625 0.071875 0.103125
1 0.034375 0.57890625 0.0625 0.1296875
1 0.5390625 0.625 0.08125 0.140625
1 0.753125 0.66171875 0.0625 0.1640625
0 0.1234375 0.68984375 0.11875 0.1796875
0 0.5828125 0.7234375 0.109375 0.15
1 0.89140625 0.7828125 0.2171875 0.434375
0 0.61953125 0.8859375 0.1484375 0.228125