0 0.37265625 0.37578125 0.0296875 0.0359375
1 0.5546875 0.38671875 0.046875 0.0734375
0 0.49453125 0.39765625 0.0359375 0.0328125
0 0.60234375 0.4 0.0484375 0.04375
0 0.48984375 0.41640625 0.0328125 0.0421875
0 0.57265625 0.421875 0.0390625 0.046875
0 0.65546875 0.421875 0.0359375 0.046875
0 0.4984375 0.42890625 0.0375 0.0328125
0 0.3515625 0.43984375 0.05 0.0578125
0 0.50390625 0.46640625 0.0453125 0.0703125
1 0.721875 0.46796875 0.125 0.1515625
0 0.6171875 0.49140625 0.0625 0.0796875
0 0.24296875 0.50859375 0.0671875 0.0828125
0 0.52109375 0.5234375 0.0578125 0.0875
0 0.78828125 0.571875 0.0890625 0.109375
0 0.309375 0.57421875 0.071875 0.1015625
0 0.5515625 0.58125 0.075 0.09375
0 0.9609375 0.6515625 0.078125 0.09375
0 0.159375 0.66875 0.103125 0.1125
0 0.7359375 0.67421875 0.103125 0.1484375
0 0.88828125 0.68046875 0.1046875 0.1234375
0 0.63125 0.76171875 0.1125 0.1734375
1 0.846875 0.81796875 0.18125 0.2984375
1 0.60625 0.90078125 0.15 0.1984375