0 0.4078125 0.303125 0.028125 0.0375
0 0.3734375 0.30390625 0.03125 0.0296875
1 0.3171875 0.31015625 0.046875 0.0671875
0 0.3984375 0.321875 0.040625 0.05
0 0.38515625 0.36484375 0.0515625 0.0671875
1 0.54296875 0.3734375 0.0828125 0.1125
0 0.66640625 0.43125 0.0515625 0.075
0 0.5 0.465625 0.05 0.078125
1 0.6125 0.4703125 0.090625 0.14375
0 0.34921875 0.47109375 0.0828125 0.0828125
0 0.7234375 0.490625 0.075 0.103125
0 0.53125 0.540625 0.071875 0.10625
0 0.6609375 0.5671875 0.115625 0.15
0 0.896875 0.60546875 0.090625 0.1265625
0 0.56640625 0.62265625 0.1140625 0.1671875
1 0.925 0.72109375 0.15 0.3046875
0 0.603125 0.85703125 0.146875 0.2640625
0 0.91328125 0.934375 0.1734375 0.13125