1 0.31015625 0.33046875 0.0421875 0.0609375
0 0.3921875 0.353125 0.040625 0.046875
0 0.48125 0.36484375 0.046875 0.0703125
0 0.3390625 0.3703125 0.0375 0.05625
1 0.53984375 0.37734375 0.0421875 0.0578125
0 0.659375 0.39765625 0.065625 0.0546875
0 0.3703125 0.39921875 0.046875 0.0640625
0 0.49765625 0.43828125 0.0609375 0.0640625
1 0.58125 0.440625 0.09375 0.125
0 0.734375 0.453125 0.065625 0.08125
0 0.70234375 0.5 0.0765625 0.090625
0 0.3109375 0.55390625 0.09375 0.1203125
0 0.559375 0.62265625 0.103125 0.1578125
0 0.93671875 0.634375 0.1265625 0.175
0 0.70546875 0.64375 0.1328125 0.15625
1 0.096875 0.6765625 0.1875 0.38125