0 0.40859375 0.303125 0.0296875 0.0375
1 0.4671875 0.33046875 0.04375 0.0640625
0 0.390625 0.33125 0.034375 0.040625
0 0.35390625 0.33515625 0.0265625 0.0328125
1 0.51640625 0.3375 0.0515625 0.08125
0 0.2875 0.353125 0.046875 0.071875
0 0.46953125 0.359375 0.0265625 0.03125
1 0.6 0.3671875 0.0625 0.1
0 0.4796875 0.36875 0.034375 0.0375
1 0.54921875 0.375 0.0671875 0.109375
0 0.48046875 0.3953125 0.0328125 0.04375
0 0.48828125 0.4078125 0.0328125 0.03125
0 0.553125 0.4140625 0.040625 0.04375
0 0.6328125 0.415625 0.0375 0.05
0 0.5015625 0.446875 0.046875 0.0375
1 0.7234375 0.45703125 0.121875 0.1859375
0 0.59140625 0.46875 0.0515625 0.078125
0 0.51171875 0.49765625 0.0578125 0.0828125
0 0.63828125 0.55 0.0765625 0.109375
0 0.53046875 0.56171875 0.0828125 0.1015625
0 0.1921875 0.59140625 0.078125 0.0953125
1 0.865625 0.7765625 0.26875 0.446875
0 0.6453125 0.9 0.15 0.2