0 0.3828125 0.34140625 0.025 0.0421875
0 0.3078125 0.35 0.034375 0.04375
0 0.34140625 0.35390625 0.0265625 0.0453125
0 0.37890625 0.37265625 0.0328125 0.0421875
1 0.55234375 0.3875 0.0515625 0.084375
1 0.628125 0.39140625 0.05625 0.0796875
0 0.49375 0.41953125 0.034375 0.0359375
0 0.57734375 0.425 0.0453125 0.059375
1 0.70625 0.44609375 0.075 0.1046875
0 0.5953125 0.44765625 0.034375 0.0671875
0 0.51171875 0.4625 0.0578125 0.05625
0 0.51875 0.503125 0.053125 0.0625
1 0.621875 0.5078125 0.075 0.11875
1 0.78125 0.5109375 0.109375 0.15
1 0.66796875 0.534375 0.0890625 0.171875
0 0.553125 0.565625 0.053125 0.096875
1 0.54375 0.6 0.090625 0.13125
1 0.74453125 0.63671875 0.0671875 0.1359375
1 0.85703125 0.69453125 0.2078125 0.2859375
0 0.58203125 0.7265625 0.1171875 0.11875
0 0.61484375 0.82734375 0.1203125 0.1421875
1 0.9203125 0.83828125 0.14375 0.3015625
0 0.64921875 0.94765625 0.1328125 0.1046875