1 0.321875 0.31328125 0.03125 0.0484375
1 0.33828125 0.340625 0.0296875 0.053125
0 0.38671875 0.36171875 0.0296875 0.0390625
1 0.55703125 0.39375 0.0640625 0.090625
0 0.571875 0.4203125 0.0375 0.04375
1 0.6828125 0.42109375 0.09375 0.1046875
0 0.50390625 0.43515625 0.0484375 0.0546875
0 0.59921875 0.44140625 0.0453125 0.0703125
1 0.1421875 0.4875 0.1 0.1375
1 0.5125 0.5046875 0.059375 0.1
1 0.63359375 0.51796875 0.0890625 0.1265625
1 0.771875 0.5390625 0.06875 0.13125
1 0.67578125 0.546875 0.1171875 0.203125
0 0.52578125 0.59140625 0.0953125 0.1328125
1 0.925 0.6109375 0.15 0.2
1 0.73359375 0.63125 0.0515625 0.11875
0 0.56484375 0.684375 0.0953125 0.153125
1 0.08359375 0.7015625 0.1265625 0.15625
1 0.85390625 0.70625 0.2265625 0.328125
1 0.1859375 0.7953125 0.2 0.409375
1 0.92734375 0.84140625 0.1453125 0.3171875
0 0.6328125 0.9078125 0.1625 0.184375