1 0.50859375 0.321875 0.0421875 0.065625
0 0.38125 0.34453125 0.034375 0.0390625
1 0.3296875 0.35625 0.059375 0.078125
1 0.2625 0.36875 0.04375 0.071875
1 0.5484375 0.37265625 0.046875 0.0953125
0 0.48203125 0.37734375 0.0328125 0.0453125
1 0.371875 0.38984375 0.040625 0.0546875
1 0.62421875 0.4125 0.0578125 0.1
1 0.24921875 0.4796875 0.0609375 0.075
0 0.34375 0.48828125 0.05 0.0609375
0 0.134375 0.690625 0.109375 0.128125
0 0.6296875 0.725 0.1125 0.184375
0 0.80859375 0.75703125 0.1328125 0.1890625