1 0.22890625 0.37265625 0.0828125 0.0828125
0 0.3234375 0.38046875 0.03125 0.0484375
0 0.5640625 0.403125 0.0375 0.05
0 0.49921875 0.43125 0.0421875 0.059375
0 0.3640625 0.446875 0.046875 0.053125
1 0.678125 0.46015625 0.06875 0.1046875
1 0.21328125 0.4671875 0.1328125 0.1875
0 0.58828125 0.471875 0.0515625 0.059375
1 0.09296875 0.496875 0.1296875 0.171875
0 0.528125 0.50390625 0.05625 0.0828125
1 0.64375 0.52578125 0.090625 0.1359375
0 0.56875 0.68125 0.10625 0.159375
1 0.0796875 0.746875 0.159375 0.453125