1 0.21015625 0.38671875 0.0921875 0.0890625
0 0.55546875 0.390625 0.0390625 0.046875
0 0.3078125 0.40234375 0.0375 0.0546875
0 0.49453125 0.4140625 0.0421875 0.05625
1 0.65859375 0.43828125 0.0640625 0.0890625
0 0.57421875 0.45 0.0453125 0.05625
0 0.51953125 0.4765625 0.0484375 0.06875
1 0.6203125 0.4984375 0.078125 0.1125
0 0.34921875 0.5 0.0578125 0.071875
1 0.18046875 0.503125 0.1640625 0.221875
1 0.0546875 0.55 0.109375 0.203125
0 0.5484375 0.62421875 0.0875 0.1390625
0 0.8796875 0.86484375 0.171875 0.2296875