0 0.465625 0.334375 0.0125 0.021875
0 0.390625 0.340625 0.021875 0.025
0 0.51640625 0.346875 0.0265625 0.028125
0 0.4765625 0.35625 0.0125 0.03125
0 0.33671875 0.3765625 0.0234375 0.05625
0 0.390625 0.38515625 0.025 0.0453125
0 0.48828125 0.40390625 0.0515625 0.0546875
0 0.653125 0.415625 0.040625 0.075
1 0.6 0.43125 0.1 0.15
0 0.35390625 0.45390625 0.0484375 0.0953125
0 0.7328125 0.45546875 0.040625 0.0765625
0 0.5109375 0.46640625 0.05 0.0828125
1 0.24453125 0.48359375 0.0734375 0.1546875
1 0.8 0.55078125 0.115625 0.1859375
0 0.32109375 0.58125 0.0828125 0.109375
1 0.07109375 0.778125 0.1421875 0.340625