0 0.36015625 0.396875 0.0390625 0.04375
1 0.66484375 0.421875 0.0640625 0.109375
0 0.5921875 0.45 0.046875 0.071875
0 0.49765625 0.453125 0.0421875 0.0625
1 0.259375 0.453125 0.109375 0.153125
0 0.51328125 0.48203125 0.0546875 0.0734375
1 0.7671875 0.49453125 0.09375 0.1234375
1 0.62421875 0.51171875 0.0609375 0.1359375
0 0.53046875 0.51328125 0.0515625 0.0515625
1 0.6703125 0.54375 0.09375 0.20625
0 0.33125 0.55625 0.075 0.090625
0 0.55859375 0.5765625 0.0703125 0.11875
1 0.90859375 0.60234375 0.1671875 0.1828125
1 0.53515625 0.625 0.0796875 0.15625
1 0.7546875 0.63125 0.071875 0.14375
0 0.20546875 0.6796875 0.1046875 0.125
1 0.8578125 0.71796875 0.215625 0.3484375
0 0.57734375 0.73046875 0.1046875 0.1609375
0 0.6140625 0.8609375 0.140625 0.2125