1 0.50859375 0.321875 0.0421875 0.065625
0 0.38125 0.34296875 0.034375 0.0390625
1 0.3328125 0.35390625 0.053125 0.0796875
1 0.2640625 0.36640625 0.040625 0.0703125
1 0.553125 0.378125 0.053125 0.103125
1 0.3765625 0.38515625 0.040625 0.0546875
0 0.48359375 0.3875 0.0328125 0.046875
1 0.63359375 0.415625 0.0609375 0.1
0 0.25703125 0.465625 0.0609375 0.06875
0 0.34453125 0.478125 0.0546875 0.065625
0 0.15625 0.66328125 0.10625 0.1234375
0 0.6390625 0.75234375 0.1125 0.1828125
0 0.84375 0.81171875 0.153125 0.2109375
0 0.2234375 0.884375 0.146875 0.19375