1 0.5421875 0.3625 0.0625 0.0875
0 0.4734375 0.3640625 0.028125 0.03125
1 0.66171875 0.38828125 0.0953125 0.1109375
0 0.48125 0.39375 0.0375 0.04375
0 0.490625 0.4359375 0.05 0.0625
1 0.58515625 0.43515625 0.0828125 0.1578125
0 0.509375 0.453125 0.04375 0.0375
0 0.2640625 0.4578125 0.05 0.06875
0 0.71640625 0.490625 0.0359375 0.065625
0 0.33046875 0.496875 0.0609375 0.071875
1 0.65546875 0.5 0.1234375 0.228125
0 0.51484375 0.50625 0.0640625 0.0875
0 0.7609375 0.52578125 0.065625 0.0734375
0 0.5515625 0.57265625 0.096875 0.1203125
0 0.79765625 0.578125 0.0703125 0.096875
0 0.86796875 0.6375 0.1109375 0.1375
0 0.72890625 0.66875 0.1046875 0.15
0 0.5671875 0.6859375 0.10625 0.15
0 0.95703125 0.765625 0.0859375 0.140625
0 0.23515625 0.82421875 0.1328125 0.1890625
0 0.63828125 0.903125 0.1453125 0.19375