1 0.46328125 0.296875 0.0265625 0.046875
1 0.34765625 0.3 0.0140625 0.028125
1 0.54296875 0.3171875 0.0234375 0.05
0 0.5 0.31953125 0.01875 0.0234375
0 0.3921875 0.32578125 0.01875 0.0265625
0 0.46640625 0.328125 0.0234375 0.025
0 0.5078125 0.3421875 0.01875 0.025
1 0.57265625 0.34375 0.0328125 0.05
0 0.60390625 0.353125 0.0203125 0.03125
0 0.53046875 0.35546875 0.0171875 0.0265625
0 0.38046875 0.3625 0.0296875 0.0375
0 0.48046875 0.365625 0.0265625 0.040625
0 0.5890625 0.37421875 0.021875 0.0265625
1 0.3015625 0.3765625 0.0625 0.09375
0 0.55 0.3921875 0.0375 0.05
0 0.3625 0.425 0.040625 0.040625
0 0.640625 0.428125 0.03125 0.053125
0 0.69375 0.428125 0.040625 0.05625
1 0.59140625 0.446875 0.0671875 0.115625
0 0.68671875 0.475 0.0453125 0.059375
0 0.50390625 0.484375 0.0484375 0.065625
0 0.34375 0.48828125 0.053125 0.0734375
1 0.18671875 0.509375 0.1515625 0.221875
1 0.71796875 0.6375 0.2140625 0.225
0 0.934375 0.65859375 0.109375 0.1171875
0 0.640625 0.88046875 0.153125 0.2265625
0 0.20078125 0.9515625 0.1671875 0.096875