1 0.37890625 0.290625 0.0390625 0.05625
1 0.39453125 0.33359375 0.0265625 0.0453125
1 0.3203125 0.33828125 0.0375 0.0640625
1 0.24765625 0.3703125 0.0828125 0.06875
0 0.3859375 0.37109375 0.028125 0.0421875
0 0.32109375 0.375 0.0328125 0.04375
1 0.2625 0.44375 0.078125 0.1375
0 0.353125 0.45078125 0.053125 0.0765625
1 0.78203125 0.5 0.1265625 0.128125
1 0.61171875 0.503125 0.0734375 0.121875
0 0.86015625 0.52265625 0.0515625 0.0578125
1 0.665625 0.559375 0.103125 0.2
0 0.52421875 0.56640625 0.0671875 0.0921875
1 0.946875 0.60234375 0.10625 0.1671875
0 0.55390625 0.6125 0.0796875 0.0875
1 0.7375 0.6359375 0.053125 0.125
1 0.8578125 0.69375 0.2125 0.31875
0 0.5609375 0.71875 0.1125 0.165625
1 0.06171875 0.7203125 0.1234375 0.29375
0 0.2359375 0.80078125 0.14375 0.2015625
1 0.9203125 0.840625 0.159375 0.31875
0 0.7234375 0.884375 0.171875 0.23125