1 0.55078125 0.384375 0.0546875 0.08125
0 0.4828125 0.38828125 0.04375 0.0390625
1 0.678125 0.4 0.040625 0.0625
1 0.6375 0.403125 0.046875 0.084375
0 0.49375 0.425 0.046875 0.053125
0 0.50546875 0.46875 0.0546875 0.065625
1 0.7296875 0.478125 0.090625 0.14375
0 0.32734375 0.48984375 0.0609375 0.0703125
1 0.8125 0.50390625 0.115625 0.1078125
1 0.61953125 0.51015625 0.0640625 0.1328125
0 0.5265625 0.515625 0.065625 0.05625
0 0.55625 0.56875 0.071875 0.090625
1 0.0296875 0.61015625 0.059375 0.1578125
1 0.5375 0.625 0.0875 0.15
1 0.7328125 0.63359375 0.05 0.1546875
1 0.865625 0.721875 0.221875 0.340625
0 0.575 0.728125 0.115625 0.190625
0 0.61328125 0.8375 0.1265625 0.175
1 0.92578125 0.8484375 0.1484375 0.303125
0 0.64296875 0.95 0.1640625 0.1
0 0.16328125 0.975 0.1828125 0.05