1 0.39921875 0.3140625 0.0265625 0.03125
0 0.3828125 0.35703125 0.028125 0.0359375
0 0.47890625 0.37265625 0.0328125 0.0421875
1 0.25625 0.3875 0.053125 0.0625
0 0.48671875 0.409375 0.0390625 0.053125
1 0.63984375 0.41015625 0.0390625 0.0546875
1 0.58984375 0.42265625 0.0859375 0.1328125
1 0.68515625 0.46015625 0.0640625 0.0796875
0 0.50703125 0.4703125 0.0453125 0.05625
0 0.7609375 0.546875 0.078125 0.096875
0 0.65390625 0.55703125 0.0828125 0.1015625
0 0.58125 0.65 0.0875 0.121875
1 0.91015625 0.65390625 0.1546875 0.2171875