0 0.38046875 0.375 0.0359375 0.04375
0 0.26953125 0.3765625 0.0390625 0.04375
1 0.6375 0.384375 0.0625 0.103125
0 0.69296875 0.403125 0.0421875 0.053125
0 0.4984375 0.40390625 0.040625 0.0546875
1 0.5828125 0.40703125 0.08125 0.1265625
0 0.3390625 0.47890625 0.05625 0.0671875
0 0.51796875 0.47890625 0.0546875 0.0703125
1 0.7515625 0.49296875 0.134375 0.1515625
1 0.63203125 0.521875 0.0765625 0.134375
0 0.540625 0.584375 0.06875 0.103125
1 0.7328125 0.621875 0.146875 0.26875
0 0.95859375 0.64375 0.0828125 0.121875
0 0.63203125 0.82734375 0.1296875 0.2078125
1 0.9140625 0.85703125 0.171875 0.2859375