0 0.4015625 0.3046875 0.021875 0.0375
0 0.33359375 0.30546875 0.0359375 0.0515625
0 0.36328125 0.3140625 0.0296875 0.04375
0 0.509375 0.33671875 0.01875 0.0359375
0 0.47109375 0.3375 0.0265625 0.034375
0 0.51328125 0.34453125 0.0015625 0.0015625
1 0.53359375 0.346875 0.0171875 0.046875
0 0.4796875 0.34921875 0.009375 0.0015625
1 0.2515625 0.35546875 0.01875 0.0015625
0 0.390625 0.35703125 0.046875 0.0484375
0 0.33515625 0.359375 0.0390625 0.053125
1 0.3171875 0.396875 0.053125 0.075
1 0.2359375 0.39765625 0.06875 0.1203125
1 0.64375 0.39921875 0.0625 0.1359375
0 0.375 0.40625 0.046875 0.05
1 0.2578125 0.4078125 0.009375 0.00625
1 0.5875 0.409375 0.06875 0.15
0 0.69921875 0.425 0.0421875 0.0625
1 0.7078125 0.43125 0.009375 0.009375
1 0.70234375 0.4375 0.0140625 0.003125
1 0.27421875 0.440625 0.0578125 0.09375
1 0.5125 0.446875 0.096875 0.1625
0 0.79375 0.484375 0.05625 0.090625
0 0.73203125 0.5265625 0.0890625 0.11875
0 0.31796875 0.55078125 0.0796875 0.1359375
1 0.190625 0.56015625 0.1 0.1703125
0 0.059375 0.575 0.00625 0.015625
0 0.0671875 0.59296875 0.1 0.1140625
0 0.9890625 0.640625 0.021875 0.10625
0 0.9265625 0.68046875 0.140625 0.2109375
1 0.8765625 0.715625 0.003125 0.015625