1 0.3140625 0.371875 0.040625 0.06875
0 0.3703125 0.40546875 0.034375 0.0484375
1 0.67109375 0.41796875 0.0765625 0.0984375
0 0.575 0.42265625 0.040625 0.0546875
0 0.4984375 0.42734375 0.040625 0.0453125
0 0.5046875 0.44375 0.034375 0.028125
0 0.58671875 0.44375 0.0390625 0.065625
1 0.51015625 0.503125 0.0671875 0.103125
1 0.61328125 0.51484375 0.0453125 0.1453125
1 0.753125 0.51640625 0.084375 0.0953125
1 0.67109375 0.55859375 0.1140625 0.1921875
0 0.5171875 0.5875 0.08125 0.125
1 0.73359375 0.63828125 0.0765625 0.1515625
0 0.55390625 0.659375 0.1015625 0.1625
0 0.61015625 0.8890625 0.1859375 0.221875