1 0.32109375 0.340625 0.0453125 0.065625
0 0.38359375 0.37421875 0.0359375 0.0484375
0 0.32109375 0.375 0.0421875 0.059375
1 0.24453125 0.38046875 0.0671875 0.0984375
1 0.24921875 0.46484375 0.1078125 0.1453125
0 0.35078125 0.46640625 0.0515625 0.0953125
1 0.7890625 0.49609375 0.146875 0.1296875
1 0.61796875 0.5 0.0671875 0.11875
0 0.671875 0.50625 0.0625 0.05625
0 0.8484375 0.5125 0.040625 0.0625
1 0.67109375 0.546875 0.1046875 0.228125
0 0.521875 0.5765625 0.06875 0.10625
1 0.9453125 0.60234375 0.109375 0.1828125
0 0.5546875 0.609375 0.071875 0.09375
1 0.74453125 0.63125 0.0765625 0.134375
1 0.853125 0.715625 0.209375 0.35
0 0.55859375 0.71875 0.0953125 0.146875
1 0.0453125 0.7671875 0.090625 0.3125
1 0.91484375 0.83203125 0.1703125 0.3359375
0 0.7296875 0.8734375 0.16875 0.253125
0 0.20078125 0.884375 0.1828125 0.23125