0 0.39296875 0.33828125 0.0296875 0.0390625
1 0.27734375 0.35546875 0.0453125 0.0734375
1 0.31640625 0.36875 0.0671875 0.08125
0 0.37265625 0.37578125 0.0359375 0.0609375
1 0.64453125 0.396875 0.0765625 0.109375
0 0.7125 0.42578125 0.059375 0.0734375
1 0.23125 0.45703125 0.0875 0.1390625
0 0.35 0.46796875 0.075 0.0765625
1 0.71015625 0.47421875 0.0640625 0.0890625
1 0.5046875 0.49375 0.06875 0.078125
1 0.61953125 0.50625 0.0609375 0.13125
1 0.81640625 0.525 0.1328125 0.140625
1 0.6703125 0.56328125 0.103125 0.1984375
1 0.1546875 0.56875 0.103125 0.1875
0 0.521875 0.57109375 0.059375 0.0953125
0 0.5625 0.615625 0.103125 0.109375
1 0.96875 0.62578125 0.0625 0.1359375
1 0.7390625 0.63125 0.065625 0.11875
1 0.84375 0.725 0.209375 0.34375
0 0.5703125 0.75390625 0.1 0.2046875
1 0.93125 0.8375 0.1375 0.325
0 0.73671875 0.9015625 0.1640625 0.196875
0 0.203125 0.91328125 0.228125 0.1734375