1 0.32421875 0.31328125 0.0453125 0.0609375
0 0.4796875 0.36953125 0.03125 0.0390625
1 0.55703125 0.375 0.0578125 0.096875
0 0.4953125 0.4125 0.04375 0.053125
0 0.35 0.44140625 0.0625 0.0796875
0 0.5125 0.45546875 0.046875 0.0515625
0 0.5109375 0.49609375 0.059375 0.0703125
0 0.7140625 0.515625 0.0625 0.084375
0 0.5359375 0.52734375 0.05625 0.0796875
0 0.80390625 0.575 0.0890625 0.103125
0 0.5484375 0.578125 0.071875 0.103125
0 0.70625 0.61875 0.096875 0.1
0 0.575 0.69296875 0.1 0.1359375
1 0.95546875 0.740625 0.0890625 0.353125
0 0.6375 0.875 0.134375 0.184375
0 0.91171875 0.88828125 0.1765625 0.2234375