1 0.5234375 0.334375 0.046875 0.078125
0 0.38515625 0.34375 0.0265625 0.046875
1 0.6203125 0.346875 0.05625 0.065625
0 0.48125 0.36953125 0.03125 0.0265625
0 0.53984375 0.375 0.0359375 0.05625
1 0.6234375 0.38359375 0.059375 0.0671875
0 0.4859375 0.39921875 0.0375 0.0390625
0 0.3625 0.421875 0.059375 0.05
0 0.49296875 0.43125 0.0453125 0.0625
1 0.60546875 0.446875 0.0890625 0.1375
0 0.68125 0.46484375 0.06875 0.0671875
0 0.509375 0.47578125 0.046875 0.0859375
0 0.54296875 0.5578125 0.0828125 0.11875
0 0.60546875 0.8046875 0.1359375 0.275