1 0.5453125 0.36875 0.0625 0.0875
0 0.47734375 0.37421875 0.0296875 0.0359375
1 0.6625 0.3875 0.1 0.1125
0 0.36640625 0.3953125 0.0421875 0.05625
0 0.48828125 0.40625 0.0421875 0.059375
0 0.29765625 0.4078125 0.0390625 0.05625
1 0.58515625 0.43515625 0.0828125 0.1578125
0 0.5015625 0.45 0.05 0.0625
0 0.51015625 0.46171875 0.0609375 0.0390625
0 0.51953125 0.515625 0.0609375 0.084375
1 0.6796875 0.52421875 0.14375 0.2484375
0 0.76953125 0.53671875 0.0734375 0.0765625
0 0.53203125 0.5609375 0.0640625 0.0875
0 0.83046875 0.6109375 0.0953125 0.1125
0 0.58515625 0.675 0.1140625 0.2
0 0.95859375 0.75078125 0.0828125 0.1890625
0 0.86953125 0.86875 0.1765625 0.225
0 0.63984375 0.87890625 0.1421875 0.2203125
0 0.19375 0.9328125 0.1625 0.134375