1 0.31953125 0.3640625 0.0640625 0.09375
1 0.571875 0.403125 0.078125 0.13125
1 0.25078125 0.42109375 0.0546875 0.0921875
1 0.68046875 0.425 0.1015625 0.14375
0 0.5125 0.490625 0.05 0.075
0 0.33203125 0.5 0.0578125 0.071875
1 0.825 0.5375 0.078125 0.090625
0 0.65078125 0.53984375 0.0609375 0.1171875
0 0.9015625 0.55 0.053125 0.09375
0 0.15703125 0.58828125 0.0890625 0.0984375
1 0.8125 0.690625 0.275 0.3875
0 0.63046875 0.728125 0.1234375 0.2
1 0.06640625 0.76875 0.1328125 0.2375
0 0.21171875 0.9171875 0.1515625 0.165625