1 0.2953125 0.35078125 0.053125 0.0765625
0 0.38515625 0.37734375 0.0421875 0.0578125
0 0.63046875 0.38046875 0.0453125 0.0515625
0 0.31796875 0.390625 0.0359375 0.065625
0 0.48828125 0.39375 0.0453125 0.0625
1 0.5671875 0.40546875 0.078125 0.1109375
0 0.68671875 0.415625 0.0546875 0.065625
0 0.3546875 0.428125 0.05 0.08125
0 0.6546875 0.44765625 0.05 0.0921875
0 0.5328125 0.534375 0.078125 0.1375
0 0.8484375 0.5453125 0.115625 0.11875
0 0.6640625 0.57265625 0.103125 0.1453125
0 0.25703125 0.70859375 0.1484375 0.1828125
0 0.93359375 0.76171875 0.1328125 0.1890625
1 0.05234375 0.80390625 0.1046875 0.3921875