0 0.36015625 0.33125 0.0234375 0.0375
0 0.3234375 0.37734375 0.034375 0.0453125
0 0.48203125 0.3875 0.0328125 0.04375
0 0.54296875 0.38671875 0.0296875 0.0484375
0 0.37421875 0.39765625 0.0390625 0.0421875
1 0.66328125 0.40546875 0.0953125 0.1640625
0 0.50234375 0.421875 0.0453125 0.059375
1 0.578125 0.42734375 0.075 0.0953125
0 0.5109375 0.48671875 0.05 0.0765625
0 0.28203125 0.49296875 0.0578125 0.0609375
0 0.77578125 0.5734375 0.0765625 0.0875
0 0.68046875 0.59375 0.0765625 0.10625
0 0.54453125 0.6 0.0765625 0.1125