0 0.3984375 0.325 0.028125 0.0375
0 0.3546875 0.33359375 0.03125 0.0296875
1 0.2890625 0.340625 0.05625 0.0875
0 0.38125 0.3625 0.040625 0.05
1 0.5359375 0.36328125 0.059375 0.1015625
0 0.63046875 0.40546875 0.0421875 0.0609375
1 0.578125 0.428125 0.084375 0.125
0 0.67421875 0.440625 0.0578125 0.08125
0 0.34140625 0.46875 0.0796875 0.128125
0 0.515625 0.48671875 0.06875 0.0859375
0 0.61640625 0.49375 0.0703125 0.09375
0 0.75234375 0.49375 0.0734375 0.096875
0 0.53203125 0.54921875 0.0796875 0.1015625
1 0.87890625 0.61328125 0.2421875 0.3015625
0 0.56640625 0.6953125 0.1140625 0.18125
0 0.825 0.8234375 0.178125 0.225
0 0.66640625 0.93203125 0.1890625 0.1359375