1 0.334375 0.3375 0.046875 0.084375
1 0.25859375 0.35625 0.0671875 0.090625
1 0.6203125 0.378125 0.06875 0.109375
1 0.559375 0.403125 0.05 0.09375
0 0.50234375 0.428125 0.0453125 0.0625
1 0.70234375 0.471875 0.0671875 0.10625
1 0.17265625 0.47421875 0.0734375 0.0984375
0 0.6078125 0.48046875 0.05625 0.0734375
1 0.23046875 0.52265625 0.0734375 0.0953125
0 0.53125 0.55 0.071875 0.096875
0 0.7859375 0.58046875 0.090625 0.1234375
0 0.67265625 0.60625 0.0921875 0.109375
0 0.17890625 0.6734375 0.1078125 0.1125
0 0.23203125 0.81640625 0.1265625 0.1703125
0 0.684375 0.8875 0.16875 0.225