1 0.3609375 0.31171875 0.034375 0.0515625
0 0.3859375 0.35625 0.03125 0.046875
0 0.48203125 0.36328125 0.0296875 0.0484375
1 0.55546875 0.3875 0.0578125 0.128125
1 0.66875 0.409375 0.084375 0.071875
0 0.35390625 0.415625 0.0328125 0.090625
0 0.51875 0.45625 0.040625 0.06875
1 0.1859375 0.51640625 0.125 0.2671875
0 0.32578125 0.54140625 0.0640625 0.1046875
0 0.534375 0.55 0.059375 0.1125
0 0.68046875 0.5640625 0.0703125 0.09375
0 0.7609375 0.72109375 0.134375 0.1328125
0 0.21640625 0.890625 0.1328125 0.196875