0 0.29765625 0.3375 0.0328125 0.046875
1 0.33828125 0.34453125 0.0296875 0.0515625
0 0.38671875 0.346875 0.0296875 0.034375
1 0.6125 0.3625 0.065625 0.103125
1 0.553125 0.371875 0.059375 0.103125
1 0.49140625 0.38984375 0.0703125 0.1203125
0 0.72421875 0.44375 0.0515625 0.05625
0 0.665625 0.446875 0.053125 0.08125
0 0.35703125 0.45703125 0.0515625 0.0609375
1 0.2625 0.465625 0.078125 0.0875
1 0.11953125 0.49765625 0.1296875 0.1546875
1 0.178125 0.58984375 0.128125 0.1828125
0 0.546875 0.59921875 0.084375 0.1109375
0 0.30625 0.67109375 0.0875 0.1171875
1 0.9125 0.67578125 0.175 0.3609375
1 0.80859375 0.709375 0.2828125 0.459375