0 0.47734375 0.35859375 0.0453125 0.0578125
0 0.53046875 0.36171875 0.0359375 0.0515625
1 0.26796875 0.36953125 0.0578125 0.0859375
0 0.3796875 0.38203125 0.04375 0.0359375
0 0.38203125 0.41953125 0.0390625 0.0390625
0 0.49375 0.42421875 0.040625 0.0515625
1 0.5828125 0.425 0.078125 0.1125
1 0.66328125 0.42578125 0.0703125 0.1359375
0 0.27265625 0.46796875 0.0546875 0.0734375
0 0.521875 0.490625 0.059375 0.084375
1 0.2078125 0.54375 0.0875 0.125
0 0.84453125 0.55703125 0.0890625 0.1140625
1 0.04140625 0.58125 0.0828125 0.19375
0 0.3015625 0.61796875 0.090625 0.1265625
0 0.0625 0.75234375 0.121875 0.1828125
0 0.6625 0.878125 0.178125 0.24375