0 0.4046875 0.303125 0.015625 0.021875
0 0.3765625 0.30546875 0.01875 0.0234375
0 0.4625 0.31328125 0.021875 0.0234375
0 0.49453125 0.315625 0.0234375 0.03125
0 0.465625 0.33125 0.025 0.034375
1 0.27890625 0.3375 0.0546875 0.071875
0 0.39140625 0.34140625 0.0265625 0.0328125
1 0.33203125 0.34375 0.0453125 0.06875
1 0.53515625 0.34375 0.0515625 0.090625
0 0.50703125 0.346875 0.0171875 0.0375
0 0.475 0.35625 0.028125 0.0375
1 0.56796875 0.39375 0.0703125 0.13125
0 0.37734375 0.39375 0.0359375 0.0375
1 0.29140625 0.39609375 0.0734375 0.1046875
0 0.22890625 0.415625 0.0453125 0.059375
0 0.4890625 0.41875 0.040625 0.05625
1 0.6625 0.428125 0.06875 0.10625
0 0.34921875 0.484375 0.0578125 0.071875
0 0.134375 0.5 0.0625 0.059375
0 0.321875 0.6 0.078125 0.103125
1 0.8515625 0.60703125 0.153125 0.1890625
0 0.5625 0.64609375 0.0875 0.1203125
1 0.09921875 0.665625 0.1984375 0.284375
0 0.209375 0.91875 0.165625 0.1625