0 0.38828125 0.36328125 0.0296875 0.0390625
1 0.30234375 0.3671875 0.0671875 0.1
0 0.5390625 0.37109375 0.028125 0.0453125
1 0.24609375 0.38046875 0.0453125 0.0515625
0 0.61640625 0.4 0.0421875 0.05
1 0.21171875 0.4140625 0.0515625 0.08125
0 0.49609375 0.425 0.0421875 0.053125
0 0.5890625 0.46484375 0.05 0.0578125
1 0.1515625 0.465625 0.084375 0.096875
1 0.7015625 0.46875 0.115625 0.134375
0 0.51640625 0.4875 0.0546875 0.071875
0 0.35234375 0.49609375 0.0515625 0.0703125
0 0.65859375 0.553125 0.0734375 0.084375
1 0.12890625 0.60625 0.1390625 0.203125
0 0.7484375 0.66328125 0.1125 0.1390625
0 0.2484375 0.80625 0.121875 0.153125
0 0.65390625 0.9140625 0.1578125 0.171875