0 0.28828125 0.359375 0.0359375 0.046875
1 0.5890625 0.36015625 0.0375 0.0703125
1 0.3265625 0.3625 0.05625 0.1
1 0.534375 0.365625 0.05 0.071875
0 0.37421875 0.38046875 0.0265625 0.0234375
0 0.4875 0.38046875 0.040625 0.0609375
0 0.6453125 0.38515625 0.046875 0.0578125
0 0.371875 0.41875 0.040625 0.05625
0 0.7421875 0.47109375 0.05625 0.0828125
0 0.5125 0.490625 0.0625 0.096875
1 0.1046875 0.525 0.140625 0.1875
0 0.9578125 0.62421875 0.08125 0.1234375
1 0.8765625 0.63125 0.1375 0.2
0 0.28515625 0.64765625 0.0984375 0.1703125
1 0.303125 0.67421875 0.00625 0.0359375
0 0.63046875 0.75859375 0.1296875 0.1953125
0 0.9265625 0.88515625 0.146875 0.2296875
0 0.22265625 0.9203125 0.1671875 0.15625