1 0.38828125 0.334375 0.0265625 0.03125
1 0.5625 0.39453125 0.065625 0.1109375
1 0.61328125 0.396875 0.0390625 0.065625
0 0.36171875 0.41328125 0.0453125 0.0390625
1 0.6546875 0.42578125 0.05625 0.0734375
1 0.2046875 0.42890625 0.059375 0.0796875
0 0.4984375 0.4375 0.040625 0.059375
0 0.6171875 0.50234375 0.065625 0.0703125
0 0.71015625 0.50234375 0.0609375 0.0703125
0 0.5515625 0.565625 0.06875 0.0875
1 0.82578125 0.58125 0.1265625 0.171875
0 0.58828125 0.74375 0.1078125 0.146875
0 0.80078125 0.77890625 0.1484375 0.1921875