1 0.30234375 0.40546875 0.0703125 0.1265625
0 0.48828125 0.4125 0.0671875 0.046875
0 0.49765625 0.4453125 0.0515625 0.06875
0 0.69921875 0.478125 0.0328125 0.075
0 0.521875 0.484375 0.046875 0.059375
1 0.23359375 0.490625 0.1046875 0.13125
1 0.64296875 0.50078125 0.1140625 0.1765625
0 0.521875 0.51875 0.0875 0.06875
1 0.81328125 0.5375 0.1609375 0.2
0 0.54921875 0.60859375 0.1015625 0.1453125
0 0.9546875 0.6578125 0.090625 0.13125
0 0.2734375 0.69453125 0.06875 0.1234375
1 0.8125 0.7046875 0.215625 0.3375
0 0.60390625 0.775 0.1671875 0.1875