0 0.4734375 0.3640625 0.028125 0.03125
1 0.54140625 0.36796875 0.0546875 0.0890625
1 0.6625 0.3875 0.1 0.1125
0 0.48125 0.39375 0.0375 0.04375
0 0.28203125 0.42890625 0.0515625 0.0578125
0 0.490625 0.4359375 0.05 0.0625
1 0.58515625 0.43515625 0.0828125 0.1578125
0 0.51015625 0.46171875 0.0609375 0.0390625
0 0.51953125 0.515625 0.0609375 0.084375
1 0.6796875 0.52421875 0.14375 0.2484375
0 0.76953125 0.53671875 0.0734375 0.0765625
0 0.53203125 0.5609375 0.0640625 0.0875
0 0.83046875 0.6109375 0.0953125 0.1125
0 0.5796875 0.66015625 0.103125 0.1703125
0 0.85234375 0.8421875 0.1765625 0.225
0 0.63359375 0.86171875 0.1421875 0.2140625