1 0.30546875 0.31953125 0.0328125 0.0515625
1 0.3578125 0.32109375 0.053125 0.0828125
1 0.371875 0.33515625 0.00625 0.0046875
1 0.325 0.3828125 0.04375 0.04375
0 0.56171875 0.428125 0.0484375 0.06875
0 0.49609375 0.45 0.0640625 0.0625
1 0.59765625 0.45625 0.0640625 0.10625
1 0.6359375 0.49375 0.0875 0.15
1 0.8203125 0.5 0.209375 0.2
0 0.49609375 0.50625 0.0484375 0.078125
0 0.53125 0.56484375 0.090625 0.1078125
1 0.14140625 0.59375 0.2015625 0.284375
1 0.7421875 0.61875 0.090625 0.13125
0 0.54296875 0.6375 0.0765625 0.140625
0 0.65703125 0.67109375 0.1140625 0.1671875
1 0.825 0.70390625 0.190625 0.3671875
1 0.90859375 0.8234375 0.1828125 0.353125
0 0.21171875 0.86640625 0.1484375 0.1953125
0 0.59921875 0.87890625 0.1390625 0.2421875