0 0.38984375 0.334375 0.0328125 0.04375
1 0.29375 0.34453125 0.046875 0.0640625
0 0.33046875 0.371875 0.0390625 0.059375
1 0.5546875 0.37421875 0.0625 0.1234375
0 0.37421875 0.38984375 0.0453125 0.0703125
0 0.48828125 0.40703125 0.0453125 0.0484375
0 0.66953125 0.41328125 0.0546875 0.0734375
1 0.5875 0.43359375 0.0875 0.1421875
0 0.3296875 0.446875 0.0625 0.075
0 0.50625 0.4625 0.059375 0.059375
1 0.784375 0.509375 0.128125 0.184375
0 0.5203125 0.5296875 0.06875 0.1
0 0.1859375 0.546875 0.084375 0.09375
1 0.6875 0.55625 0.16875 0.2875
0 0.5484375 0.61875 0.0875 0.10625
0 0.57578125 0.73359375 0.1109375 0.1703125
1 0.93125 0.74296875 0.1375 0.2359375
0 0.63359375 0.88203125 0.1546875 0.2359375