0 0.39375 0.3375 0.028125 0.034375
1 0.33671875 0.340625 0.0390625 0.06875
0 0.48046875 0.353125 0.0265625 0.04375
0 0.38046875 0.35859375 0.0359375 0.0421875
1 0.215625 0.39921875 0.078125 0.0890625
1 0.28984375 0.409375 0.0859375 0.125
0 0.57734375 0.48125 0.0515625 0.08125
1 0.109375 0.4953125 0.165625 0.18125
0 0.5234375 0.52265625 0.0625 0.0953125
0 0.32890625 0.52890625 0.0671875 0.0921875
0 0.76328125 0.7125 0.1234375 0.1875
1 0.0796875 0.7859375 0.159375 0.428125
0 0.20546875 0.89765625 0.1609375 0.2046875