0 0.5765625 0.35625 0.046875 0.05625
0 0.53515625 0.37421875 0.0296875 0.0390625
0 0.6 0.39140625 0.034375 0.0421875
1 0.6359375 0.39609375 0.04375 0.0578125
0 0.4953125 0.425 0.0375 0.053125
0 0.5671875 0.42578125 0.0375 0.0515625
1 0.7265625 0.459375 0.140625 0.209375
0 0.52109375 0.4875 0.0609375 0.0875
1 0.09765625 0.496875 0.1078125 0.128125
1 0.6296875 0.50078125 0.115625 0.1609375
0 0.55234375 0.61328125 0.0765625 0.1265625
0 0.921875 0.72734375 0.140625 0.1328125
0 0.60859375 0.80703125 0.1265625 0.1984375
0 0.86875 0.9 0.165625 0.190625