0 0.45859375 0.33203125 0.0265625 0.0390625
0 0.484375 0.35625 0.0375 0.04375
1 0.57890625 0.35859375 0.0609375 0.0703125
1 0.26796875 0.37109375 0.0640625 0.0703125
0 0.378125 0.3765625 0.04375 0.04375
0 0.325 0.37734375 0.0375 0.0578125
0 0.5203125 0.38671875 0.05625 0.0640625
0 0.56796875 0.40625 0.0484375 0.046875
1 0.2859375 0.41953125 0.065625 0.0734375
0 0.3625 0.43046875 0.05 0.0765625
1 0.18671875 0.4484375 0.0828125 0.1
0 0.56796875 0.4546875 0.0546875 0.075
0 0.5125 0.47265625 0.0625 0.0921875
0 0.6265625 0.4890625 0.06875 0.08125
0 0.309375 0.50234375 0.06875 0.0703125
1 0.07265625 0.56640625 0.1171875 0.1296875
0 0.70703125 0.6375 0.0921875 0.128125
0 0.59375 0.6703125 0.10625 0.13125
0 0.28359375 0.68125 0.1015625 0.134375
0 0.0671875 0.83203125 0.125 0.1859375
1 0.7359375 0.84765625 0.28125 0.3046875
0 0.93984375 0.9140625 0.1203125 0.171875