0 0.3953125 0.315625 0.028125 0.034375
1 0.58046875 0.3234375 0.0578125 0.075
0 0.48046875 0.35859375 0.0296875 0.0328125
1 0.3 0.3625 0.05625 0.075
1 0.59609375 0.36640625 0.0484375 0.0828125
1 0.55 0.3796875 0.059375 0.075
0 0.48203125 0.3875 0.0359375 0.028125
1 0.63828125 0.4 0.0546875 0.090625
1 0.35078125 0.41015625 0.0640625 0.1328125
0 0.5671875 0.421875 0.04375 0.046875
0 0.50078125 0.428125 0.0515625 0.040625
1 0.27734375 0.43046875 0.0609375 0.0890625
1 0.69921875 0.44375 0.0921875 0.15
0 0.59140625 0.4453125 0.0609375 0.06875
0 0.51015625 0.465625 0.0546875 0.028125
1 0.61796875 0.509375 0.0671875 0.140625
1 0.51328125 0.51640625 0.0765625 0.0953125
1 0.6703125 0.53515625 0.10625 0.1828125
0 0.54296875 0.6125 0.0921875 0.115625
1 0.94765625 0.61953125 0.1046875 0.1515625
1 0.72890625 0.6328125 0.0578125 0.14375
1 0.8421875 0.696875 0.203125 0.321875
0 0.58828125 0.7625 0.1390625 0.175
1 0.92265625 0.8453125 0.1484375 0.309375
0 0.63671875 0.9421875 0.1546875 0.115625