0 0.37890625 0.36328125 0.0328125 0.0390625
0 0.334375 0.371875 0.034375 0.04375
1 0.5546875 0.38671875 0.046875 0.0734375
0 0.62265625 0.38671875 0.0390625 0.0390625
0 0.36875 0.3984375 0.034375 0.05
0 0.49453125 0.39765625 0.0359375 0.0328125
0 0.303125 0.40234375 0.0375 0.0421875
1 0.19453125 0.4171875 0.0828125 0.1125
0 0.48984375 0.41640625 0.0328125 0.0421875
0 0.64140625 0.4234375 0.0609375 0.05
0 0.57421875 0.42578125 0.0390625 0.0484375
0 0.4984375 0.42890625 0.0375 0.0328125
0 0.27578125 0.453125 0.0546875 0.0625
0 0.50859375 0.475 0.0453125 0.071875
1 0.76640625 0.50625 0.1484375 0.18125
0 0.528125 0.5625 0.071875 0.1
0 0.66953125 0.57578125 0.0859375 0.1140625
1 0.86640625 0.653125 0.1171875 0.125
0 0.575 0.67734375 0.090625 0.1296875
0 0.25234375 0.734375 0.1046875 0.1375
0 0.88046875 0.88046875 0.1734375 0.2265625