1 0.55 0.3640625 0.0625 0.11875
0 0.33203125 0.371875 0.0296875 0.034375
1 0.48828125 0.378125 0.0609375 0.115625
1 0.60234375 0.3828125 0.0359375 0.06875
0 0.36953125 0.39921875 0.0296875 0.0390625
1 0.21328125 0.403125 0.1109375 0.146875
1 0.63359375 0.409375 0.0484375 0.090625
0 0.29921875 0.42265625 0.0421875 0.0578125
0 0.5109375 0.44765625 0.05 0.0796875
0 0.36015625 0.45625 0.0453125 0.065625
1 0.19296875 0.52890625 0.1390625 0.1953125
0 0.3015625 0.575 0.084375 0.1
0 0.64140625 0.609375 0.0828125 0.1125
1 0.83046875 0.74375 0.2015625 0.371875
0 0.20234375 0.85390625 0.1453125 0.1703125
0 0.63359375 0.85625 0.1390625 0.253125