1 0.24140625 0.36015625 0.0765625 0.0703125
0 0.33203125 0.36875 0.0296875 0.04375
0 0.56875 0.4125 0.040625 0.05625
0 0.3734375 0.42734375 0.04375 0.0546875
0 0.50234375 0.446875 0.0453125 0.065625
1 0.2296875 0.44921875 0.121875 0.1765625
1 0.11875 0.46640625 0.109375 0.1453125
1 0.69140625 0.47578125 0.0765625 0.1140625
0 0.59921875 0.48828125 0.0546875 0.0640625
0 0.534375 0.5234375 0.059375 0.0875
1 0.6640625 0.55859375 0.1 0.1421875
1 0.0953125 0.665625 0.190625 0.3875
0 0.5859375 0.73125 0.115625 0.171875