1 0.29921875 0.340625 0.0328125 0.05
1 0.6171875 0.36484375 0.065625 0.1078125
0 0.334375 0.36640625 0.028125 0.0421875
0 0.47578125 0.36875 0.0296875 0.03125
1 0.55078125 0.38359375 0.0578125 0.0828125
0 0.49140625 0.38671875 0.0390625 0.0484375
0 0.49453125 0.425 0.0390625 0.040625
0 0.59765625 0.46875 0.0484375 0.059375
0 0.51171875 0.48671875 0.0515625 0.0734375
0 0.22421875 0.5234375 0.0640625 0.0875
0 0.81015625 0.57421875 0.0515625 0.0890625
1 0.74765625 0.61328125 0.2359375 0.3984375
1 0.91875 0.703125 0.1625 0.36875
0 0.58203125 0.71015625 0.0953125 0.1453125
0 0.2640625 0.75546875 0.10625 0.1359375