1 0.284375 0.34453125 0.0625 0.1015625
0 0.34765625 0.353125 0.0234375 0.034375
0 0.3859375 0.3625 0.025 0.03125
1 0.30078125 0.38203125 0.0671875 0.0984375
0 0.48671875 0.3875 0.0359375 0.05
0 0.36484375 0.40078125 0.0359375 0.0484375
1 0.62109375 0.45390625 0.1015625 0.1796875
1 0.68203125 0.459375 0.0609375 0.10625
0 0.3515625 0.4625 0.05625 0.0625
0 0.2453125 0.48828125 0.0625 0.0734375
1 0.53515625 0.49609375 0.1046875 0.1828125
1 0.76328125 0.52265625 0.0953125 0.1453125
1 0.096875 0.5234375 0.109375 0.15
0 0.303125 0.625 0.0875 0.11875
1 0.1171875 0.69296875 0.103125 0.1484375
0 0.609375 0.70625 0.11875 0.1875
0 0.23515625 0.8796875 0.1515625 0.1875