1 0.32109375 0.38515625 0.0640625 0.1046875
0 0.36484375 0.421875 0.0671875 0.075
1 0.6109375 0.48046875 0.05 0.0890625
0 0.3328125 0.5171875 0.065625 0.075
0 0.51171875 0.53203125 0.0609375 0.0890625
1 0.66484375 0.540625 0.1015625 0.19375
1 0.871875 0.54453125 0.221875 0.2234375
0 0.5390625 0.56796875 0.084375 0.0890625
0 0.5578125 0.66484375 0.090625 0.1296875
1 0.8515625 0.69140625 0.203125 0.3171875
1 0.08359375 0.71484375 0.1671875 0.3296875
0 0.703125 0.8296875 0.140625 0.2625
1 0.91640625 0.834375 0.1671875 0.33125
1 0.228125 0.87578125 0.159375 0.2484375
0 0.59296875 0.925 0.1078125 0.15