0 0.3140625 0.32421875 0.0375 0.0484375
1 0.59765625 0.34375 0.0515625 0.1
1 0.540625 0.35703125 0.059375 0.1109375
1 0.48671875 0.365625 0.0546875 0.096875
0 0.38671875 0.36796875 0.0328125 0.0484375
0 0.64453125 0.37578125 0.0359375 0.0359375
0 0.2546875 0.38203125 0.040625 0.0734375
0 0.309375 0.3890625 0.040625 0.08125
0 0.36484375 0.41640625 0.0453125 0.0453125
0 0.51484375 0.4875 0.0546875 0.096875
1 0.66171875 0.53203125 0.1515625 0.2484375
1 0.8296875 0.55 0.1875 0.246875
0 0.27734375 0.73046875 0.1078125 0.1359375
1 0.078125 0.746875 0.15625 0.221875