1 0.5453125 0.359375 0.0625 0.0875
0 0.4734375 0.3640625 0.028125 0.03125
1 0.65625 0.390625 0.0875 0.11875
0 0.48125 0.39375 0.0375 0.04375
1 0.58515625 0.43359375 0.0828125 0.1578125
0 0.490625 0.4359375 0.05 0.0625
0 0.509375 0.453125 0.04375 0.0375
0 0.71640625 0.490625 0.0359375 0.065625
1 0.65546875 0.5 0.1234375 0.228125
0 0.51484375 0.50625 0.0640625 0.0875
0 0.7609375 0.52578125 0.065625 0.0734375
0 0.5515625 0.57265625 0.096875 0.1203125
0 0.79765625 0.578125 0.0703125 0.096875
0 0.8625 0.62734375 0.1 0.1171875
0 0.703125 0.63984375 0.096875 0.1421875
0 0.559375 0.65625 0.096875 0.11875
0 0.134375 0.65625 0.103125 0.125
0 0.259375 0.70703125 0.09375 0.1265625
0 0.61484375 0.85234375 0.1390625 0.2203125