0 0.39140625 0.325 0.0265625 0.034375
1 0.54296875 0.35390625 0.0609375 0.1203125
1 0.31640625 0.38046875 0.0390625 0.0609375
0 0.59765625 0.38125 0.0359375 0.046875
1 0.6484375 0.38203125 0.0625 0.1015625
0 0.48203125 0.38984375 0.0359375 0.0421875
0 0.36953125 0.40859375 0.0421875 0.0421875
0 0.49140625 0.41640625 0.0390625 0.0453125
0 0.61484375 0.44765625 0.0421875 0.0546875
1 0.71484375 0.44765625 0.0953125 0.0953125
0 0.50859375 0.48046875 0.0546875 0.0640625
1 0.72734375 0.5296875 0.1234375 0.175
1 0.0671875 0.56875 0.115625 0.15625
0 0.54453125 0.60546875 0.0765625 0.1015625
1 0.859375 0.784375 0.28125 0.43125
0 0.63125 0.871875 0.146875 0.25625