1 0.65390625 0.40625 0.0921875 0.11875
0 0.5734375 0.421875 0.04375 0.059375
0 0.496875 0.42421875 0.046875 0.0609375
0 0.70625 0.4328125 0.040625 0.08125
0 0.5953125 0.446875 0.04375 0.075
0 0.509375 0.45625 0.059375 0.0625
0 0.27109375 0.4625 0.0671875 0.0875
1 0.115625 0.4859375 0.0875 0.15
0 0.51328125 0.48828125 0.0609375 0.0765625
1 0.6234375 0.5 0.04375 0.121875
0 0.52578125 0.52265625 0.0640625 0.0796875
1 0.84609375 0.525 0.2515625 0.215625
1 0.6734375 0.5484375 0.1125 0.2
0 0.55703125 0.57890625 0.0859375 0.1296875
1 0.5390625 0.63515625 0.090625 0.1453125
1 0.8 0.70703125 0.115625 0.1984375
0 0.084375 0.76875 0.134375 0.19375
0 0.58984375 0.77890625 0.1203125 0.2078125
0 0.62734375 0.9078125 0.1859375 0.184375