0 0.36484375 0.3125 0.0234375 0.028125
1 0.4640625 0.321875 0.034375 0.0625
1 0.58828125 0.33125 0.0453125 0.04375
1 0.51953125 0.334375 0.0453125 0.075
0 0.3359375 0.35625 0.034375 0.040625
1 0.534375 0.359375 0.0625 0.0875
0 0.4734375 0.3640625 0.028125 0.03125
0 0.375 0.3765625 0.040625 0.04375
1 0.6625 0.3875 0.1 0.1125
0 0.48125 0.39375 0.0375 0.04375
0 0.490625 0.4359375 0.05 0.0625
1 0.58515625 0.43515625 0.0828125 0.1578125
0 0.35234375 0.4375 0.0484375 0.05625
0 0.51015625 0.46171875 0.0609375 0.0390625
0 0.24921875 0.46953125 0.0609375 0.0640625
0 0.71796875 0.49921875 0.0359375 0.0640625
1 0.66796875 0.50234375 0.1234375 0.2296875
0 0.51953125 0.515625 0.0609375 0.084375
0 0.7609375 0.52421875 0.065625 0.0734375
0 0.53203125 0.5609375 0.0640625 0.0875
0 0.815625 0.59609375 0.0875 0.1046875
0 0.5703125 0.625 0.09375 0.15
0 0.93984375 0.721875 0.1203125 0.153125
0 0.81875 0.78359375 0.134375 0.1953125
0 0.61796875 0.8 0.1296875 0.18125