1 0.26875 0.3609375 0.046875 0.0625
1 0.54140625 0.365625 0.0578125 0.090625
0 0.61796875 0.39921875 0.0546875 0.0609375
0 0.4859375 0.4 0.034375 0.040625
0 0.3515625 0.41796875 0.04375 0.0515625
0 0.56953125 0.43359375 0.0453125 0.0546875
0 0.65546875 0.44609375 0.0484375 0.0578125
0 0.51328125 0.46875 0.0515625 0.06875
1 0.72578125 0.484375 0.0734375 0.109375
0 0.65 0.5484375 0.078125 0.1
0 0.53515625 0.5515625 0.0734375 0.08125
1 0.8859375 0.5921875 0.228125 0.35
0 0.61796875 0.74765625 0.1359375 0.1921875
1 0.86875 0.83515625 0.2625 0.3296875