0 0.37890625 0.38046875 0.0328125 0.0390625
1 0.6046875 0.3828125 0.04375 0.06875
0 0.54140625 0.384375 0.0359375 0.05
0 0.48671875 0.39921875 0.0390625 0.0515625
1 0.2390625 0.40078125 0.0625 0.0765625
0 0.30625 0.403125 0.0375 0.05
0 0.5703125 0.415625 0.0375 0.065625
1 0.1828125 0.428125 0.075 0.109375
0 0.3609375 0.440625 0.05 0.05
0 0.665625 0.44609375 0.053125 0.0671875
0 0.51015625 0.4734375 0.0484375 0.0875
1 0.6203125 0.47578125 0.0625 0.1015625
1 0.25625 0.48125 0.05 0.075
0 0.34140625 0.503125 0.0609375 0.078125
1 0.190625 0.53125 0.103125 0.159375
0 0.5296875 0.546875 0.0625 0.103125
1 0.82109375 0.56328125 0.0390625 0.1265625
1 0.7671875 0.65234375 0.2375 0.3796875
0 0.27578125 0.696875 0.0859375 0.1125
1 0.6484375 0.76953125 0.253125 0.4609375