1 0.55078125 0.36875 0.0515625 0.0875
1 0.31328125 0.38046875 0.0453125 0.0734375
0 0.3734375 0.396875 0.04375 0.04375
0 0.4921875 0.40859375 0.034375 0.0421875
1 0.1890625 0.41875 0.11875 0.165625
0 0.28203125 0.4375 0.0484375 0.05625
1 0.709375 0.4453125 0.1 0.18125
0 0.3515625 0.45 0.040625 0.05625
0 0.50078125 0.46015625 0.0484375 0.0671875
1 0.63984375 0.48046875 0.1421875 0.2234375
1 0.18828125 0.52734375 0.0765625 0.0828125
0 0.53515625 0.54765625 0.0703125 0.1046875
1 0.27421875 0.69375 0.1296875 0.184375
0 0.1046875 0.709375 0.1125 0.10625