0 0.4015625 0.3046875 0.021875 0.025
1 0.3328125 0.30625 0.03125 0.05
1 0.57265625 0.31015625 0.0578125 0.0671875
0 0.365625 0.31640625 0.034375 0.0421875
1 0.515625 0.33984375 0.053125 0.0671875
0 0.475 0.34375 0.034375 0.03125
0 0.38046875 0.36328125 0.0390625 0.0484375
0 0.4734375 0.36875 0.034375 0.0375
0 0.484375 0.4 0.040625 0.05625
1 0.578125 0.4 0.09375 0.1625
0 0.63203125 0.42734375 0.0484375 0.0703125
1 0.70546875 0.45 0.1109375 0.18125
0 0.503125 0.46875 0.05 0.06875
0 0.5375 0.5625 0.08125 0.109375
1 0.86015625 0.603125 0.2015625 0.21875
0 0.23671875 0.7359375 0.1359375 0.15
0 0.60078125 0.753125 0.1234375 0.190625
0 0.8546875 0.83046875 0.165625 0.1984375