0 0.3875 0.35234375 0.025 0.0328125
1 0.30078125 0.38203125 0.0453125 0.0734375
1 0.62578125 0.384375 0.0546875 0.090625
1 0.66015625 0.41171875 0.0703125 0.0984375
0 0.3640625 0.43359375 0.046875 0.0578125
1 0.7421875 0.50078125 0.084375 0.1109375
1 0.6296875 0.5125 0.075 0.15
1 0.66796875 0.55234375 0.0890625 0.1796875
1 0.87109375 0.5734375 0.1609375 0.1625
1 0.5234375 0.5796875 0.06875 0.1125
1 0.55625 0.634375 0.075 0.128125
1 0.74765625 0.64140625 0.0796875 0.1453125
1 0.85703125 0.73359375 0.2203125 0.3921875
1 0.9265625 0.846875 0.146875 0.30625
1 0.61171875 0.875 0.1328125 0.25