1 0.31953125 0.31953125 0.0265625 0.0390625
0 0.346875 0.34765625 0.028125 0.0421875
0 0.47890625 0.375 0.0296875 0.03125
1 0.63125 0.378125 0.078125 0.121875
0 0.49453125 0.39453125 0.0390625 0.0484375
1 0.5625 0.40234375 0.071875 0.0921875
0 0.28671875 0.434375 0.0484375 0.065625
0 0.4984375 0.45078125 0.04375 0.0609375
0 0.340625 0.50703125 0.05625 0.0734375
0 0.628125 0.5171875 0.059375 0.075
0 0.52578125 0.528125 0.0609375 0.084375
1 0.83515625 0.72890625 0.3296875 0.5421875
0 0.61171875 0.80234375 0.1140625 0.1703125