1 0.59140625 0.334375 0.0453125 0.04375
1 0.54375 0.36015625 0.053125 0.0921875
1 0.6625 0.3875 0.1 0.1125
0 0.48125 0.39375 0.0375 0.04375
0 0.490625 0.4359375 0.05 0.0625
1 0.58515625 0.43515625 0.0828125 0.1578125
0 0.34921875 0.45703125 0.0515625 0.0765625
0 0.51015625 0.46171875 0.0609375 0.0390625
0 0.23671875 0.490625 0.0609375 0.065625
0 0.71796875 0.49921875 0.0359375 0.0640625
1 0.66796875 0.50234375 0.1234375 0.2296875
0 0.51953125 0.515625 0.0609375 0.084375
0 0.7609375 0.52578125 0.065625 0.0734375
0 0.53203125 0.5609375 0.0640625 0.0875
0 0.80625 0.58515625 0.0875 0.1046875
0 0.5703125 0.625 0.09375 0.15
0 0.93984375 0.721875 0.1203125 0.153125
0 0.80859375 0.77421875 0.1328125 0.1890625
0 0.60390625 0.7875 0.1296875 0.18125