1 0.33828125 0.33828125 0.0484375 0.0765625
1 0.5296875 0.33984375 0.05 0.0953125
1 0.4796875 0.35390625 0.053125 0.0828125
1 0.2765625 0.36875 0.04375 0.0625
0 0.3671875 0.39921875 0.040625 0.0390625
0 0.640625 0.403125 0.0375 0.075
0 0.48984375 0.403125 0.0484375 0.05625
1 0.5890625 0.428125 0.096875 0.175
1 0.7078125 0.453125 0.125 0.1625
0 0.2515625 0.46796875 0.05625 0.0640625
0 0.33828125 0.52109375 0.0671875 0.0796875
0 0.2046875 0.53125 0.0875 0.13125
1 0.05703125 0.57578125 0.1140625 0.1515625
0 0.540625 0.578125 0.06875 0.1125
1 0.8921875 0.590625 0.175 0.175
0 0.7328125 0.64609375 0.09375 0.1546875
1 0.88828125 0.80703125 0.2234375 0.3859375
0 0.171875 0.9234375 0.190625 0.153125