0 0.39296875 0.34375 0.0453125 0.065625
1 0.3 0.371875 0.084375 0.1375
1 0.6109375 0.45546875 0.065625 0.1234375
0 0.4890625 0.46171875 0.053125 0.0890625
1 0.14140625 0.46953125 0.1359375 0.1484375
1 0.75390625 0.478125 0.1265625 0.159375
0 0.50546875 0.503125 0.0484375 0.121875
0 0.5828125 0.5171875 0.078125 0.1125
0 0.2046875 0.5625 0.103125 0.1375
0 0.675 0.565625 0.05 0.140625
0 0.540625 0.6 0.075 0.15
1 0.77265625 0.628125 0.1734375 0.28125
0 0.59296875 0.7125 0.1078125 0.175
1 0.8875 0.80703125 0.225 0.3859375
0 0.6265625 0.87890625 0.15625 0.2421875