0 0.38984375 0.33359375 0.0265625 0.0328125
1 0.54296875 0.35390625 0.0609375 0.1203125
1 0.31171875 0.38046875 0.0515625 0.0640625
0 0.59765625 0.38125 0.0359375 0.046875
1 0.6484375 0.38203125 0.0625 0.1015625
0 0.48203125 0.38984375 0.0359375 0.0421875
0 0.49140625 0.41640625 0.0390625 0.0453125
0 0.36796875 0.42421875 0.0515625 0.0515625
0 0.61484375 0.44765625 0.0421875 0.0546875
1 0.7015625 0.45 0.084375 0.115625
0 0.50859375 0.48046875 0.0546875 0.0640625
1 0.71015625 0.5234375 0.1234375 0.175
1 0.0671875 0.56875 0.115625 0.15625
0 0.53515625 0.596875 0.0765625 0.103125
1 0.8515625 0.77265625 0.296875 0.4546875
0 0.62734375 0.83828125 0.1359375 0.2484375