1 0.24609375 0.359375 0.0734375 0.06875
0 0.37578125 0.40234375 0.0390625 0.0453125
0 0.5765625 0.4203125 0.04375 0.05625
1 0.159375 0.434375 0.0875 0.1125
1 0.246875 0.434375 0.1125 0.165625
0 0.50703125 0.45625 0.0484375 0.06875
1 0.70703125 0.49609375 0.0828125 0.1203125
0 0.6109375 0.51171875 0.0625 0.0765625
0 0.540625 0.5421875 0.0625 0.1
1 0.68828125 0.59375 0.1140625 0.159375
1 0.10859375 0.609375 0.2171875 0.325
0 0.60859375 0.8078125 0.1390625 0.21875
0 0.2015625 0.93828125 0.1625 0.1234375