1 0.478125 0.3546875 0.053125 0.1125
1 0.32265625 0.36015625 0.0578125 0.0828125
0 0.3734375 0.3984375 0.04375 0.05
1 0.571875 0.403125 0.078125 0.13125
1 0.25546875 0.40390625 0.0546875 0.0921875
1 0.68046875 0.425 0.1015625 0.14375
0 0.34296875 0.46953125 0.0546875 0.0640625
0 0.5203125 0.509375 0.0625 0.0875
1 0.84765625 0.5484375 0.0828125 0.1125
0 0.1875 0.55546875 0.08125 0.0984375
0 0.6640625 0.55625 0.071875 0.125
0 0.95234375 0.6125 0.0953125 0.125
1 0.08984375 0.703125 0.1328125 0.2375
1 0.84609375 0.7375 0.3078125 0.428125
0 0.26640625 0.759375 0.1171875 0.165625
0 0.6515625 0.784375 0.1375 0.203125