1 0.5671875 0.39140625 0.053125 0.0921875
1 0.221875 0.39609375 0.096875 0.1421875
1 0.4859375 0.396875 0.0375 0.059375
0 0.61015625 0.4 0.0390625 0.059375
0 0.30625 0.41171875 0.040625 0.0515625
0 0.36640625 0.41640625 0.0421875 0.0578125
1 0.596875 0.4359375 0.05 0.075
0 0.50234375 0.45 0.0421875 0.059375
1 0.234375 0.471875 0.0625 0.078125
1 0.7578125 0.4890625 0.121875 0.21875
0 0.51953125 0.52265625 0.0640625 0.0828125
1 0.68828125 0.55625 0.1953125 0.28125
0 0.31875 0.5625 0.0875 0.125
0 0.18828125 0.5796875 0.0765625 0.0875
0 0.56953125 0.65546875 0.0984375 0.1359375
0 0.228125 0.93203125 0.15 0.1359375