1 0.54375 0.35859375 0.0375 0.0703125
0 0.4859375 0.38984375 0.034375 0.0421875
1 0.303125 0.39375 0.05 0.0875
0 0.3671875 0.421875 0.04375 0.04375
1 0.6828125 0.425 0.078125 0.14375
0 0.49296875 0.425 0.0390625 0.059375
1 0.1625 0.42890625 0.13125 0.1796875
1 0.61328125 0.45 0.1203125 0.178125
0 0.26171875 0.48125 0.0578125 0.059375
0 0.51640625 0.4875 0.0578125 0.084375
0 0.3359375 0.496875 0.053125 0.06875
1 0.1453125 0.57734375 0.090625 0.1046875
0 0.59921875 0.78828125 0.1234375 0.1890625
1 0.20625 0.88203125 0.178125 0.2359375
0 0.0359375 0.9109375 0.071875 0.1625