0 0.3984375 0.325 0.0375 0.04375
1 0.32421875 0.353125 0.0609375 0.103125
1 0.2375 0.39140625 0.06875 0.1078125
0 0.54140625 0.4 0.0453125 0.05625
1 0.6140625 0.4625 0.06875 0.125
0 0.28359375 0.46640625 0.0671875 0.0921875
0 0.4921875 0.471875 0.05 0.075
1 0.778125 0.5 0.19375 0.240625
0 0.51328125 0.53671875 0.0640625 0.1109375
0 0.61484375 0.57265625 0.0921875 0.1421875
0 0.5375 0.609375 0.06875 0.140625
1 0.796875 0.66015625 0.184375 0.3171875
0 0.58125 0.78125 0.1 0.209375
1 0.8859375 0.8015625 0.228125 0.396875
0 0.65 0.9359375 0.159375 0.128125