1 0.3515625 0.3171875 0.034375 0.0625
0 0.39296875 0.34375 0.0296875 0.0375
0 0.26953125 0.37890625 0.0328125 0.0453125
1 0.62734375 0.3796875 0.0671875 0.0875
0 0.25234375 0.41484375 0.0421875 0.0453125
0 0.59765625 0.4359375 0.0390625 0.0375
0 0.503125 0.44921875 0.0375 0.0359375
0 0.51875 0.471875 0.053125 0.03125
0 0.62421875 0.50859375 0.0640625 0.1296875
0 0.528125 0.51796875 0.053125 0.0640625
1 0.67265625 0.53671875 0.0921875 0.1984375
0 0.55625 0.565625 0.059375 0.084375
1 0.54140625 0.628125 0.0828125 0.153125
1 0.109375 0.646875 0.184375 0.25
0 0.584375 0.71953125 0.09375 0.1265625
1 0.85 0.7203125 0.20625 0.35625
0 0.61171875 0.865625 0.1203125 0.215625