1 0.2296875 0.378125 0.09375 0.134375
1 0.575 0.3921875 0.065625 0.1
0 0.61328125 0.39375 0.0328125 0.053125
0 0.4890625 0.40234375 0.040625 0.0578125
0 0.36796875 0.40625 0.0359375 0.040625
0 0.3109375 0.40703125 0.04375 0.0484375
0 0.66875 0.42421875 0.059375 0.0484375
1 0.6046875 0.446875 0.0625 0.075
0 0.50390625 0.45625 0.0484375 0.05625
1 0.24375 0.46015625 0.059375 0.0671875
1 0.76953125 0.496875 0.1265625 0.221875
0 0.3265625 0.5390625 0.084375 0.10625
0 0.52421875 0.5421875 0.0640625 0.1
0 0.20078125 0.55625 0.0765625 0.084375
1 0.7 0.571875 0.2125 0.284375
0 0.5859375 0.68984375 0.10625 0.1546875
0 0.24765625 0.8875 0.1328125 0.153125