1 0.3078125 0.40390625 0.04375 0.0578125
0 0.3546875 0.41328125 0.04375 0.0484375
1 0.66640625 0.41640625 0.0984375 0.1421875
0 0.49296875 0.428125 0.0421875 0.053125
1 0.6015625 0.465625 0.065625 0.11875
0 0.34921875 0.4703125 0.0546875 0.06875
0 0.52265625 0.47578125 0.0546875 0.0765625
1 0.8171875 0.58125 0.10625 0.1625
0 0.68515625 0.59921875 0.0859375 0.1140625
0 0.11953125 0.73828125 0.1265625 0.1390625
0 0.24765625 0.75 0.1140625 0.1375
0 0.953125 0.77109375 0.09375 0.1953125
0 0.6046875 0.77734375 0.128125 0.1921875
0 0.85 0.9015625 0.178125 0.196875