1 0.2921875 0.4125 0.05625 0.103125
1 0.575 0.41875 0.06875 0.11875
0 0.50546875 0.425 0.0484375 0.084375
0 0.371875 0.42734375 0.059375 0.0796875
1 0.75625 0.46328125 0.134375 0.1890625
1 0.6734375 0.48125 0.11875 0.16875
0 0.240625 0.496875 0.08125 0.13125
0 0.5140625 0.52109375 0.034375 0.0953125
0 0.89140625 0.575 0.1109375 0.140625
1 0.05703125 0.6015625 0.1140625 0.24375
1 0.1703125 0.603125 0.121875 0.178125
1 0.63046875 0.68046875 0.2328125 0.4109375
0 0.2765625 0.715625 0.140625 0.16875