1 0.31796875 0.346875 0.0546875 0.0875
1 0.27109375 0.36171875 0.0390625 0.0484375
0 0.4765625 0.36640625 0.03125 0.0421875
1 0.24296875 0.38515625 0.0484375 0.0703125
0 0.60078125 0.38515625 0.0328125 0.0453125
0 0.553125 0.38828125 0.034375 0.0515625
0 0.37578125 0.41015625 0.0359375 0.0453125
1 0.20703125 0.41953125 0.0609375 0.0890625
0 0.64140625 0.42265625 0.0484375 0.0546875
0 0.5046875 0.4625 0.05 0.06875
1 0.21640625 0.503125 0.0921875 0.14375
0 0.6203125 0.51875 0.059375 0.08125
1 0.7578125 0.525 0.15 0.165625
0 0.08203125 0.540625 0.0765625 0.096875
0 0.53515625 0.54921875 0.0671875 0.0890625
0 0.32421875 0.56015625 0.0703125 0.0828125
1 0.13828125 0.6125 0.1265625 0.209375
0 0.72265625 0.64375 0.0953125 0.109375
0 0.25 0.778125 0.1125 0.134375
0 0.8828125 0.84375 0.171875 0.2125