1 0.4640625 0.33671875 0.04375 0.0640625
1 0.52578125 0.3375 0.0515625 0.08125
0 0.46953125 0.359375 0.0265625 0.03125
0 0.37578125 0.36640625 0.0328125 0.0453125
0 0.484375 0.39609375 0.034375 0.0453125
1 0.29375 0.40390625 0.046875 0.0671875
1 0.640625 0.4078125 0.05625 0.09375
1 0.578125 0.415625 0.084375 0.128125
1 0.21875 0.421875 0.053125 0.090625
0 0.721875 0.4375 0.053125 0.075
0 0.503125 0.45390625 0.05 0.0796875
0 0.67109375 0.46484375 0.0578125 0.0671875
1 0.33046875 0.525 0.0609375 0.09375
0 0.53046875 0.5375 0.0609375 0.096875
1 0.8484375 0.55078125 0.215625 0.2859375
1 0.06796875 0.5703125 0.0921875 0.10625
0 0.6828125 0.60234375 0.09375 0.1328125
0 0.56484375 0.67421875 0.0890625 0.1609375
0 0.25234375 0.725 0.1046875 0.128125
0 0.66640625 0.9015625 0.1640625 0.196875