0 0.39609375 0.32421875 0.0234375 0.0265625
1 0.59296875 0.32421875 0.0453125 0.0640625
1 0.56328125 0.325 0.0421875 0.059375
0 0.3859375 0.34609375 0.028125 0.0328125
0 0.33671875 0.36640625 0.0328125 0.0453125
0 0.59921875 0.37421875 0.0359375 0.0484375
0 0.37734375 0.37578125 0.0359375 0.0484375
0 0.48203125 0.38125 0.0390625 0.04375
0 0.30859375 0.390625 0.0390625 0.046875
1 0.5546875 0.39140625 0.059375 0.1046875
1 0.22578125 0.39296875 0.0953125 0.1140625
0 0.62890625 0.3984375 0.0421875 0.0625
0 0.49609375 0.40234375 0.0421875 0.0546875
0 0.30390625 0.4125 0.0390625 0.053125
0 0.48828125 0.42734375 0.0453125 0.0546875
0 0.66328125 0.43125 0.0515625 0.059375
0 0.58125 0.43515625 0.053125 0.0671875
0 0.503125 0.4390625 0.034375 0.04375
0 0.51015625 0.484375 0.0546875 0.08125
1 0.7890625 0.5171875 0.171875 0.2125
0 0.31328125 0.54375 0.0734375 0.109375
0 0.53125 0.58359375 0.084375 0.1171875
0 0.696875 0.62578125 0.096875 0.1515625
0 0.9 0.684375 0.13125 0.15
0 0.590625 0.721875 0.1 0.1625
0 0.9171875 0.915625 0.165625 0.16875