1 0.32734375 0.35859375 0.0421875 0.0546875
1 0.2734375 0.36796875 0.040625 0.0515625
0 0.3828125 0.38125 0.0375 0.046875
0 0.49296875 0.38359375 0.0328125 0.0421875
0 0.3171875 0.4015625 0.040625 0.04375
0 0.225 0.41796875 0.040625 0.0265625
0 0.50390625 0.421875 0.0421875 0.059375
0 0.3578125 0.440625 0.046875 0.053125
0 0.51796875 0.4890625 0.0578125 0.08125
1 0.21171875 0.496875 0.1296875 0.165625
1 0.0921875 0.50546875 0.10625 0.1390625
0 0.32734375 0.521875 0.0609375 0.08125
1 0.70703125 0.553125 0.1703125 0.290625