0 0.39609375 0.325 0.0203125 0.03125
0 0.4703125 0.328125 0.034375 0.040625
1 0.3375 0.33125 0.040625 0.071875
0 0.39296875 0.34375 0.0359375 0.046875
1 0.315625 0.37109375 0.05625 0.0921875
0 0.38515625 0.37578125 0.0390625 0.0359375
0 0.5390625 0.39609375 0.05 0.0703125
0 0.48515625 0.4015625 0.0421875 0.08125
0 0.3578125 0.41875 0.046875 0.059375
0 0.6125 0.4796875 0.071875 0.1
1 0.09375 0.48984375 0.13125 0.1203125
1 0.21875 0.5203125 0.103125 0.20625
1 0.76328125 0.63515625 0.1671875 0.2921875
0 0.69921875 0.96953125 0.1265625 0.0609375