0 0.38984375 0.284375 0.0234375 0.028125
0 0.40546875 0.29453125 0.0265625 0.0265625
1 0.3421875 0.29609375 0.046875 0.0671875
0 0.40390625 0.309375 0.0296875 0.03125
0 0.3921875 0.33828125 0.0375 0.0390625
1 0.59296875 0.35390625 0.0453125 0.0828125
1 0.55625 0.3875 0.075 0.11875
0 0.503125 0.44140625 0.05625 0.0703125
0 0.51484375 0.51796875 0.0578125 0.1015625
0 0.77421875 0.540625 0.0828125 0.1125
1 0.690625 0.58046875 0.1375 0.2390625
0 0.884375 0.63359375 0.128125 0.1578125
0 0.575 0.678125 0.103125 0.159375
0 0.84375 0.840625 0.171875 0.23125
0 0.66171875 0.90625 0.1609375 0.1875