1 0.36328125 0.30078125 0.0484375 0.0640625
0 0.40078125 0.31484375 0.0296875 0.0421875
0 0.3046875 0.334375 0.034375 0.046875
0 0.28984375 0.3640625 0.0328125 0.05625
1 0.634375 0.38828125 0.084375 0.0890625
1 0.284375 0.41875 0.084375 0.115625
0 0.49765625 0.41953125 0.0484375 0.0390625
1 0.57421875 0.42109375 0.0546875 0.0671875
0 0.70390625 0.42109375 0.0390625 0.0671875
1 0.59765625 0.44765625 0.0546875 0.0703125
0 0.50703125 0.44921875 0.0453125 0.0515625
1 0.80546875 0.490625 0.2109375 0.275
0 0.515625 0.490625 0.0625 0.06875
1 0.62578125 0.49296875 0.0921875 0.1265625
0 0.53125 0.52421875 0.053125 0.0859375
1 0.66484375 0.546875 0.1203125 0.203125
0 0.55859375 0.56484375 0.0703125 0.1171875
1 0.5359375 0.62265625 0.0875 0.1703125
1 0.94453125 0.68046875 0.1109375 0.3140625
0 0.5796875 0.7375 0.10625 0.178125
1 0.875 0.759375 0.25 0.440625
0 0.61640625 0.88125 0.1453125 0.2375