0 0.38125 0.3625 0.040625 0.040625
1 0.31796875 0.375 0.0546875 0.09375
0 0.37421875 0.39453125 0.0484375 0.0515625
1 0.70234375 0.44453125 0.1359375 0.1609375
0 0.3234375 0.45390625 0.059375 0.0671875
0 0.6109375 0.46875 0.075 0.0875
0 0.5171875 0.5125 0.075 0.096875
0 0.809375 0.51484375 0.1 0.0921875
0 0.540625 0.56875 0.084375 0.10625
0 0.671875 0.578125 0.0875 0.134375
0 0.29375 0.58046875 0.134375 0.1390625
0 0.8359375 0.634375 0.096875 0.125
1 0.94921875 0.63984375 0.1015625 0.3078125
1 0.74375 0.69296875 0.165625 0.2515625
0 0.61796875 0.69453125 0.1046875 0.1515625
1 0.56875 0.809375 0.171875 0.2875
1 0.91171875 0.8296875 0.1765625 0.340625
0 0.05078125 0.87265625 0.1015625 0.2078125
0 0.1546875 0.953125 0.184375 0.09375