1 0.90546875 0.35234375 0.0015625 0.0046875
1 0.61484375 0.378125 0.0546875 0.08125
1 0.55625 0.37890625 0.05625 0.0828125
0 0.48359375 0.38125 0.0421875 0.03125
0 0.24453125 0.40625 0.0484375 0.071875
0 0.56875 0.41875 0.034375 0.046875
1 0.68125 0.425 0.0625 0.09375
0 0.3546875 0.428125 0.05 0.0625
0 0.50078125 0.43671875 0.0578125 0.0484375
0 0.590625 0.43828125 0.0375 0.0390625
0 0.26171875 0.471875 0.0671875 0.059375
0 0.50625 0.475 0.06875 0.065625
1 0.75546875 0.48828125 0.1109375 0.1484375
0 0.34375 0.5 0.065625 0.075
0 0.528125 0.515625 0.084375 0.053125
1 0.66953125 0.53984375 0.0859375 0.1828125
1 0.5984375 0.58046875 0.003125 0.0015625
1 0.5296875 0.6 0.096875 0.15
1 0.73203125 0.63203125 0.0546875 0.1390625
0 0.5796875 0.709375 0.1125 0.125
0 0.70078125 0.71796875 0.0015625 0.0015625
1 0.72734375 0.771875 0.0015625 0.00625
0 0.60390625 0.846875 0.1609375 0.190625
0 0.64453125 0.95 0.1578125 0.1