1 0.528125 0.30625 0.034375 0.05
1 0.29375 0.346875 0.053125 0.075
0 0.3796875 0.36484375 0.0375 0.0453125
1 0.328125 0.36875 0.04375 0.06875
1 0.59921875 0.36796875 0.0578125 0.0890625
0 0.55078125 0.3734375 0.0390625 0.0375
0 0.4890625 0.3875 0.034375 0.053125
1 0.246875 0.396875 0.0625 0.1
0 0.36328125 0.403125 0.0453125 0.05625
0 0.5609375 0.434375 0.053125 0.0875
1 0.19453125 0.44765625 0.0765625 0.0921875
0 0.3546875 0.45625 0.059375 0.084375
0 0.61171875 0.478125 0.0515625 0.08125
0 0.25390625 0.509375 0.0765625 0.096875
0 0.64765625 0.57421875 0.0765625 0.1234375
0 0.10390625 0.596875 0.0953125 0.121875
0 0.5625 0.625 0.08125 0.125
0 0.2984375 0.63359375 0.1 0.1328125
0 0.74453125 0.6625 0.1140625 0.16875
0 0.146875 0.69375 0.1375 0.15
0 0.2453125 0.83203125 0.16875 0.1859375
0 0.9109375 0.959375 0.146875 0.08125