1 0.38984375 0.353125 0.0390625 0.046875
1 0.31640625 0.3625 0.0546875 0.06875
0 0.303125 0.4078125 0.040625 0.05625
1 0.22265625 0.4109375 0.0984375 0.1125
0 0.3734375 0.41171875 0.04375 0.0609375
1 0.76171875 0.490625 0.1265625 0.146875
1 0.1875 0.546875 0.175 0.23125
1 0.66796875 0.546875 0.1140625 0.196875
0 0.5109375 0.571875 0.08125 0.10625
1 0.93203125 0.578125 0.1359375 0.1625
0 0.3203125 0.584375 0.10625 0.11875
0 0.5578125 0.61640625 0.084375 0.0953125
1 0.73125 0.62890625 0.046875 0.1578125
0 0.55703125 0.7125 0.1265625 0.153125
1 0.8609375 0.7234375 0.23125 0.3375
1 0.91328125 0.828125 0.1734375 0.34375
0 0.72734375 0.8640625 0.1984375 0.271875
0 0.609375 0.94453125 0.159375 0.1109375