1 0.309375 0.40703125 0.059375 0.0890625
1 0.6765625 0.40859375 0.1 0.1171875
1 0.58125 0.415625 0.078125 0.15
0 0.490625 0.44140625 0.04375 0.0421875
0 0.51875 0.44765625 0.046875 0.0421875
0 0.5140625 0.478125 0.059375 0.04375
0 0.79375 0.503125 0.08125 0.096875
1 0.075 0.52265625 0.1375 0.1953125
1 0.6609375 0.528125 0.134375 0.209375
0 0.5171875 0.52890625 0.0625 0.0796875
0 0.328125 0.5359375 0.065625 0.1125
0 0.53828125 0.5625 0.0671875 0.103125
1 0.16875 0.640625 0.115625 0.19375
0 0.58203125 0.68359375 0.0953125 0.1546875
1 0.83984375 0.7421875 0.3203125 0.515625
0 0.61875 0.853125 0.134375 0.24375
0 0.18828125 0.91875 0.1734375 0.1625
0 0.684375 0.94140625 0.175 0.1171875