0 0.37890625 0.36328125 0.0328125 0.0390625
0 0.3296875 0.375 0.040625 0.04375
1 0.5546875 0.38671875 0.046875 0.0734375
0 0.62265625 0.38671875 0.0390625 0.0390625
0 0.49453125 0.39765625 0.0359375 0.0328125
0 0.36484375 0.403125 0.0390625 0.05625
0 0.29921875 0.41328125 0.0453125 0.0484375
0 0.48984375 0.41640625 0.0328125 0.0421875
0 0.64140625 0.4234375 0.0609375 0.05
0 0.57421875 0.42578125 0.0390625 0.0484375
0 0.4984375 0.42890625 0.0375 0.0328125
1 0.18671875 0.43125 0.0953125 0.128125
0 0.26328125 0.471875 0.0546875 0.0625
0 0.50859375 0.475 0.0453125 0.071875
1 0.76640625 0.50625 0.1484375 0.18125
0 0.528125 0.5625 0.071875 0.1
0 0.66953125 0.57578125 0.0859375 0.1140625
1 0.8640625 0.64296875 0.10625 0.1359375
0 0.575 0.67734375 0.090625 0.1296875
0 0.2265625 0.8125 0.128125 0.15
0 0.86015625 0.86328125 0.1609375 0.2140625