1 0.3703125 0.296875 0.034375 0.059375
1 0.315625 0.36875 0.0625 0.103125
1 0.64296875 0.39765625 0.0953125 0.1078125
0 0.59296875 0.453125 0.0484375 0.078125
0 0.50078125 0.46171875 0.0453125 0.0609375
1 0.8171875 0.49375 0.225 0.25
0 0.51875 0.49765625 0.059375 0.0828125
1 0.62265625 0.50390625 0.0734375 0.1453125
0 0.53046875 0.521875 0.0484375 0.06875
1 0.66875 0.54921875 0.1 0.2109375
0 0.55703125 0.565625 0.0765625 0.115625
1 0.0453125 0.575 0.090625 0.15625
1 0.54140625 0.6328125 0.0859375 0.18125
0 0.15546875 0.634375 0.1046875 0.1375
0 0.7625 0.66875 0.08125 0.178125
0 0.58125 0.74609375 0.121875 0.1921875
1 0.8953125 0.79140625 0.209375 0.4171875
0 0.63125 0.896875 0.190625 0.20625