1 0.30390625 0.3328125 0.0359375 0.05625
0 0.3875 0.34375 0.028125 0.040625
1 0.32734375 0.365625 0.0546875 0.0875
0 0.6109375 0.40703125 0.040625 0.0640625
1 0.57265625 0.41796875 0.0578125 0.1015625
0 0.496875 0.42421875 0.04375 0.0609375
0 0.6484375 0.4453125 0.04375 0.05625
1 0.7015625 0.4625 0.084375 0.125
0 0.5171875 0.478125 0.053125 0.075
0 0.63359375 0.52578125 0.0671875 0.0890625
1 0.865625 0.5859375 0.225 0.3125
0 0.3 0.590625 0.075 0.090625
1 0.7171875 0.634375 0.121875 0.2125
0 0.57421875 0.68828125 0.0921875 0.1390625