1 0.37578125 0.29296875 0.0328125 0.0515625
0 0.40234375 0.30625 0.0203125 0.03125
1 0.35078125 0.31796875 0.0359375 0.0609375
1 0.51328125 0.328125 0.0421875 0.0625
1 0.3015625 0.334375 0.034375 0.059375
0 0.39140625 0.3375 0.0234375 0.034375
1 0.3453125 0.34765625 0.065625 0.0921875
1 0.26796875 0.36484375 0.0453125 0.0671875
0 0.3734375 0.37890625 0.034375 0.0453125
1 0.5578125 0.38515625 0.05625 0.1046875
0 0.484375 0.39375 0.0375 0.05625
1 0.6453125 0.4328125 0.078125 0.10625
1 0.2625 0.459375 0.0625 0.078125
0 0.35078125 0.465625 0.0484375 0.06875
0 0.17578125 0.628125 0.1015625 0.11875
0 0.246875 0.809375 0.125 0.1875
0 0.66015625 0.81015625 0.1484375 0.2328125
0 0.89921875 0.87578125 0.2015625 0.2484375