1 0.58671875 0.35 0.0484375 0.078125
1 0.53828125 0.359375 0.0484375 0.084375
0 0.47890625 0.38125 0.0390625 0.040625
1 0.29765625 0.39296875 0.0609375 0.0890625
1 0.55859375 0.39375 0.0484375 0.084375
0 0.49609375 0.41953125 0.0421875 0.0515625
1 0.65234375 0.43125 0.0984375 0.090625
0 0.21484375 0.43203125 0.0484375 0.0484375
0 0.52109375 0.43984375 0.0453125 0.0421875
1 0.51953125 0.50703125 0.0703125 0.1265625
0 0.83671875 0.5296875 0.0796875 0.0875
1 0.69765625 0.609375 0.1265625 0.20625
1 0.82734375 0.61484375 0.1296875 0.1796875
0 0.28984375 0.62421875 0.0890625 0.0984375
0 0.95078125 0.6296875 0.0984375 0.1375
0 0.57109375 0.64375 0.0984375 0.15
0 0.8859375 0.884375 0.171875 0.23125