0 0.32421875 0.390625 0.0515625 0.071875
1 0.6640625 0.409375 0.075 0.090625
1 0.175 0.43125 0.0625 0.10625
0 0.59140625 0.44140625 0.0390625 0.0546875
0 0.5078125 0.44921875 0.04375 0.0390625
0 0.27265625 0.46875 0.0609375 0.08125
0 0.52109375 0.4890625 0.0640625 0.06875
1 0.6203125 0.503125 0.096875 0.13125
0 0.71953125 0.5203125 0.0671875 0.13125
0 0.53125 0.53046875 0.059375 0.0984375
1 0.6921875 0.58046875 0.109375 0.2015625
0 0.5625 0.5828125 0.090625 0.14375
1 0.90546875 0.58984375 0.1890625 0.2953125
1 0.53984375 0.64296875 0.0828125 0.1609375
1 0.86640625 0.79765625 0.1546875 0.2296875
0 0.6 0.81875 0.1125 0.221875
0 0.1578125 0.95 0.165625 0.1