1 0.34140625 0.29375 0.0328125 0.053125
0 0.35 0.34140625 0.0375 0.0453125
1 0.32265625 0.38359375 0.0765625 0.0828125
0 0.4890625 0.43359375 0.046875 0.0671875
1 0.60546875 0.4375 0.1484375 0.171875
0 0.36171875 0.45390625 0.0765625 0.0828125
1 0.1515625 0.45625 0.153125 0.209375
0 0.51953125 0.49921875 0.0734375 0.1109375
0 0.8265625 0.5125 0.084375 0.13125
1 0.23203125 0.525 0.0984375 0.15
1 0.6796875 0.52734375 0.18125 0.2171875
1 0.5453125 0.58515625 0.121875 0.1296875
0 0.2859375 0.646875 0.1125 0.134375
0 0.58203125 0.70859375 0.1515625 0.1453125
1 0.8296875 0.75625 0.315625 0.4875
0 0.6125 0.87109375 0.16875 0.2421875
0 0.203125 0.9671875 0.225 0.065625
0 0.69375 0.96953125 0.146875 0.0609375