1 0.3953125 0.26484375 0.015625 0.0296875
1 0.41171875 0.28046875 0.0171875 0.0359375
1 0.3484375 0.28203125 0.01875 0.0265625
1 0.38359375 0.28203125 0.0171875 0.0359375
1 0.35859375 0.303125 0.0234375 0.0375
1 0.50234375 0.31015625 0.0328125 0.0671875
0 0.46875 0.32578125 0.01875 0.0234375
1 0.39453125 0.32734375 0.0296875 0.0546875
1 0.58359375 0.33203125 0.0390625 0.0734375
0 0.4734375 0.346875 0.025 0.01875
0 0.3375 0.35078125 0.03125 0.0484375
0 0.4765625 0.36015625 0.028125 0.0203125
1 0.5296875 0.36015625 0.034375 0.0828125
0 0.478125 0.378125 0.021875 0.028125
1 0.615625 0.38046875 0.040625 0.0734375
0 0.48828125 0.39140625 0.0015625 0.0046875
1 0.55703125 0.3921875 0.0453125 0.075
0 0.484375 0.4046875 0.025 0.025
1 0.66328125 0.41640625 0.0515625 0.0921875
0 0.49140625 0.41796875 0.0234375 0.0234375
0 0.50703125 0.421875 0.0015625 0.003125
0 0.57734375 0.4296875 0.0265625 0.0375
0 0.5 0.44296875 0.040625 0.0359375
0 0.59921875 0.45 0.0359375 0.040625
1 0.734375 0.47421875 0.08125 0.1390625
0 0.51328125 0.475 0.0421875 0.046875
0 0.15390625 0.48984375 0.0703125 0.0796875
0 0.52109375 0.49765625 0.0515625 0.0421875
1 0.61953125 0.509375 0.0421875 0.1125
1 0.67265625 0.56171875 0.0890625 0.1640625
0 0.53671875 0.575 0.0703125 0.115625
0 0.3046875 0.59375 0.090625 0.115625
1 0.7375 0.64609375 0.04375 0.1421875
0 0.575 0.6875 0.090625 0.11875
1 0.84453125 0.71015625 0.1609375 0.3171875
0 0.60859375 0.834375 0.1234375 0.15
0 0.05234375 0.8484375 0.1046875 0.15
0 0.21171875 0.92890625 0.1390625 0.1328125
0 0.64609375 0.9515625 0.1328125 0.096875