1 0.25859375 0.38671875 0.0484375 0.0609375
1 0.65390625 0.40390625 0.0953125 0.1296875
1 0.29609375 0.41796875 0.0484375 0.0609375
0 0.49296875 0.421875 0.0421875 0.053125
0 0.33671875 0.4375 0.0484375 0.05625
1 0.59453125 0.45078125 0.0609375 0.1109375
0 0.515625 0.465625 0.05 0.075
0 0.33515625 0.4953125 0.0546875 0.06875
1 0.78828125 0.55234375 0.0953125 0.1421875
0 0.665625 0.565625 0.078125 0.103125
0 0.58359375 0.70390625 0.1078125 0.1546875
0 0.9296875 0.721875 0.140625 0.18125
0 0.79609375 0.821875 0.1515625 0.190625
0 0.190625 0.9125 0.15625 0.175