1 0.53515625 0.35859375 0.0390625 0.0671875
0 0.48046875 0.37890625 0.0328125 0.0453125
1 0.6125 0.38515625 0.071875 0.0796875
0 0.503125 0.390625 0.034375 0.034375
0 0.67265625 0.4 0.0484375 0.059375
1 0.49453125 0.42734375 0.0453125 0.0921875
0 0.7140625 0.4328125 0.053125 0.05625
1 0.603125 0.475 0.078125 0.11875
0 0.5171875 0.496875 0.0625 0.084375
1 0.71875 0.50234375 0.0875 0.1078125
1 0.82265625 0.57421875 0.1109375 0.1015625
0 0.6703125 0.5859375 0.084375 0.1125
0 0.5484375 0.61875 0.090625 0.13125
1 0.07421875 0.75546875 0.1484375 0.3015625