0 0.34140625 0.35078125 0.0265625 0.0390625
1 0.2734375 0.359375 0.053125 0.08125
0 0.49296875 0.40234375 0.0421875 0.0421875
0 0.365625 0.403125 0.040625 0.046875
1 0.5640625 0.40625 0.053125 0.090625
0 0.65625 0.421875 0.04375 0.046875
0 0.4890625 0.42578125 0.034375 0.0484375
0 0.70390625 0.4578125 0.0546875 0.06875
0 0.50625 0.459375 0.046875 0.0625
0 0.596875 0.46171875 0.05 0.0640625
0 0.521875 0.51328125 0.053125 0.0734375
1 0.840625 0.56796875 0.196875 0.2234375
0 0.54765625 0.6375 0.0890625 0.125
0 0.26640625 0.70703125 0.1078125 0.1359375
0 0.75859375 0.721875 0.1296875 0.16875
1 0.965625 0.79375 0.06875 0.1875
0 0.63359375 0.86796875 0.1359375 0.1984375