1 0.40234375 0.2625 0.0171875 0.034375
0 0.36015625 0.28125 0.0171875 0.028125
1 0.37734375 0.28984375 0.0171875 0.0421875
1 0.49453125 0.29375 0.0328125 0.075
1 0.40390625 0.29765625 0.0234375 0.0453125
1 0.53515625 0.29765625 0.0328125 0.0328125
1 0.32421875 0.303125 0.0265625 0.05
0 0.46171875 0.30234375 0.0265625 0.0328125
1 0.3515625 0.325 0.034375 0.05625
1 0.57421875 0.33125 0.0546875 0.0875
0 0.4703125 0.33984375 0.025 0.0328125
0 0.39453125 0.340625 0.0265625 0.034375
1 0.52734375 0.353125 0.0453125 0.090625
1 0.58984375 0.3625 0.0359375 0.059375
0 0.475 0.36484375 0.025 0.0296875
1 0.55078125 0.38828125 0.0421875 0.0890625
0 0.48359375 0.38984375 0.0296875 0.0328125
1 0.63203125 0.390625 0.0453125 0.090625
0 0.490625 0.4109375 0.0375 0.0375
1 0.6796875 0.415625 0.078125 0.09375
1 0.221875 0.41875 0.071875 0.11875
0 0.56953125 0.42421875 0.0296875 0.0609375
0 0.5 0.440625 0.04375 0.05625
0 0.58671875 0.4421875 0.0265625 0.0625
0 0.5109375 0.50234375 0.059375 0.0953125
1 0.6109375 0.5046875 0.046875 0.1375
1 0.775 0.528125 0.1 0.090625
1 0.20234375 0.53671875 0.0828125 0.1390625
1 0.3125 0.546875 0.11875 0.215625
1 0.66171875 0.5484375 0.0953125 0.1875
1 0.9421875 0.59609375 0.115625 0.1796875
0 0.53203125 0.59921875 0.0765625 0.1015625
1 0.72890625 0.63515625 0.0390625 0.1453125
1 0.84296875 0.71015625 0.1921875 0.2953125
0 0.57265625 0.71953125 0.0953125 0.1359375
1 0.91953125 0.83125 0.1484375 0.3125
0 0.64140625 0.934375 0.1421875 0.13125