1 0.6734375 0.41953125 0.06875 0.0984375
0 0.18828125 0.46640625 0.0796875 0.0703125
1 0.7375 0.47734375 0.096875 0.1546875
0 0.52421875 0.49921875 0.0703125 0.0609375
1 0.61796875 0.50625 0.0546875 0.134375
0 0.32265625 0.509375 0.0671875 0.084375
1 0.67265625 0.559375 0.0921875 0.2125
1 0.53046875 0.58046875 0.0859375 0.1390625
0 0.15703125 0.640625 0.0984375 0.10625
1 0.7328125 0.64296875 0.05625 0.1609375
1 0.8671875 0.70625 0.209375 0.3375
0 0.56796875 0.71328125 0.0859375 0.1484375
0 0.29609375 0.715625 0.1078125 0.1375
0 0.60625 0.846875 0.140625 0.1625