0 0.4046875 0.30859375 0.025 0.0296875
0 0.46328125 0.315625 0.0234375 0.03125
1 0.54921875 0.32421875 0.0453125 0.0609375
0 0.5078125 0.3390625 0.025 0.03125
0 0.38515625 0.340625 0.0265625 0.040625
0 0.4765625 0.3484375 0.025 0.0375
0 0.57578125 0.41484375 0.0578125 0.0703125
1 0.33984375 0.45 0.1140625 0.19375
1 0.19140625 0.475 0.1734375 0.234375
0 0.54921875 0.53984375 0.0796875 0.1296875
0 0.22109375 0.759375 0.1390625 0.19375
0 0.66484375 0.884375 0.1640625 0.21875
0 0.8859375 0.9046875 0.1375 0.190625