0 0.40234375 0.3078125 0.0265625 0.03125
1 0.4640625 0.321875 0.034375 0.0625
0 0.34921875 0.32890625 0.0234375 0.0296875
1 0.58828125 0.33125 0.0453125 0.04375
1 0.51953125 0.334375 0.0453125 0.075
0 0.39296875 0.33671875 0.0234375 0.0390625
1 0.534375 0.359375 0.0625 0.0875
0 0.4734375 0.3640625 0.028125 0.03125
1 0.6625 0.3875 0.1 0.1125
0 0.48125 0.39375 0.0375 0.04375
0 0.30859375 0.39453125 0.0390625 0.0515625
0 0.35859375 0.42734375 0.0421875 0.0546875
0 0.490625 0.4359375 0.05 0.0625
1 0.58515625 0.43515625 0.0828125 0.1578125
0 0.51015625 0.46171875 0.0609375 0.0390625
0 0.71640625 0.490625 0.0359375 0.065625
1 0.65546875 0.5 0.1234375 0.228125
0 0.5171875 0.5125 0.065625 0.090625
0 0.7609375 0.52578125 0.065625 0.0734375
0 0.31875 0.55703125 0.075 0.0984375
0 0.53203125 0.5609375 0.0640625 0.0875
0 0.8 0.57734375 0.08125 0.1046875
0 0.56171875 0.59296875 0.0890625 0.1359375
0 0.9015625 0.659375 0.13125 0.153125
0 0.1171875 0.66328125 0.103125 0.1109375
0 0.75078125 0.70078125 0.1234375 0.1640625
0 0.5828125 0.72109375 0.10625 0.1546875