1 0.2984375 0.33671875 0.040625 0.0609375
1 0.35078125 0.3375 0.0453125 0.09375
0 0.3265625 0.38359375 0.040625 0.0578125
1 0.65625 0.421875 0.0625 0.115625
0 0.4953125 0.44296875 0.05625 0.0734375
1 0.58828125 0.4515625 0.0640625 0.10625
0 0.50234375 0.4859375 0.0609375 0.075
1 0.79140625 0.503125 0.1765625 0.203125
1 0.63046875 0.51328125 0.0796875 0.1359375
0 0.5171875 0.53203125 0.08125 0.0859375
0 0.5125 0.56171875 0.08125 0.1390625
1 0.946875 0.60703125 0.10625 0.1640625
1 0.81484375 0.621875 0.1921875 0.30625
0 0.64765625 0.65625 0.0921875 0.115625
0 0.5359375 0.659375 0.11875 0.16875
1 0.128125 0.675 0.196875 0.403125
1 0.89140625 0.82265625 0.2171875 0.3546875
0 0.6 0.86875 0.140625 0.171875