0 0.46953125 0.32890625 0.0140625 0.0296875
0 0.39140625 0.33125 0.0203125 0.028125
1 0.35546875 0.33203125 0.0296875 0.0515625
1 0.3078125 0.3375 0.03125 0.04375
1 0.5421875 0.3515625 0.053125 0.10625
0 0.4859375 0.3640625 0.015625 0.03125
0 0.38359375 0.38828125 0.0296875 0.0234375
0 0.26640625 0.390625 0.0390625 0.0375
0 0.6859375 0.41171875 0.03125 0.0515625
0 0.23828125 0.41875 0.0296875 0.040625
0 0.1890625 0.45546875 0.04375 0.0359375
1 0.60703125 0.46953125 0.0828125 0.1140625
0 0.26640625 0.47734375 0.0609375 0.0921875
0 0.353125 0.48515625 0.05625 0.1046875
1 0.75390625 0.4875 0.1359375 0.15625
1 0.18125 0.5375 0.125 0.190625
0 0.04296875 0.6296875 0.0859375 0.1125
0 0.2890625 0.66328125 0.096875 0.1609375
0 0.97265625 0.8 0.0546875 0.165625
0 0.8125 0.821875 0.13125 0.14375