0 0.39609375 0.321875 0.0296875 0.0375
1 0.4671875 0.33046875 0.04375 0.0640625
1 0.51640625 0.3375 0.0515625 0.08125
0 0.384375 0.34375 0.034375 0.040625
0 0.34453125 0.353125 0.0359375 0.05
0 0.46953125 0.359375 0.0265625 0.03125
0 0.26328125 0.36640625 0.0640625 0.0703125
0 0.4796875 0.36875 0.034375 0.0375
1 0.54921875 0.375 0.0671875 0.109375
1 0.6046875 0.375 0.0625 0.1
0 0.48046875 0.3953125 0.0328125 0.04375
0 0.48828125 0.4078125 0.0328125 0.03125
0 0.553125 0.4140625 0.040625 0.04375
0 0.6328125 0.415625 0.0375 0.05
1 0.71796875 0.44453125 0.1265625 0.1609375
0 0.50390625 0.45546875 0.0546875 0.0640625
0 0.58203125 0.45625 0.0515625 0.078125
0 0.61953125 0.521875 0.0734375 0.103125
0 0.5265625 0.5375 0.078125 0.109375
0 0.10859375 0.73046875 0.1109375 0.1234375
1 0.84453125 0.75390625 0.3109375 0.4921875
0 0.62890625 0.83515625 0.1421875 0.2203125