0 0.4734375 0.3640625 0.028125 0.03125
1 0.54375 0.3671875 0.0625 0.0875
1 0.6625 0.3875 0.1 0.1125
0 0.48125 0.39375 0.0375 0.04375
0 0.490625 0.4359375 0.05 0.0625
1 0.58515625 0.43515625 0.0828125 0.1578125
0 0.51015625 0.46171875 0.0609375 0.0390625
0 0.33828125 0.49609375 0.0640625 0.0921875
0 0.71796875 0.49921875 0.0359375 0.0640625
1 0.65546875 0.5 0.1234375 0.228125
0 0.51953125 0.515625 0.0609375 0.084375
0 0.7609375 0.52578125 0.065625 0.0734375
0 0.19921875 0.5421875 0.0734375 0.0875
0 0.53203125 0.5609375 0.0640625 0.0875
0 0.80625 0.58515625 0.0875 0.1046875
0 0.56171875 0.59296875 0.0890625 0.1359375
0 0.934375 0.70078125 0.13125 0.1515625
0 0.78359375 0.7390625 0.1296875 0.18125
0 0.60234375 0.75703125 0.1140625 0.1640625