0 0.36875 0.38515625 0.034375 0.0421875
0 0.478125 0.38515625 0.03125 0.0453125
1 0.5609375 0.390625 0.046875 0.08125
0 0.634375 0.42734375 0.046875 0.0578125
0 0.5109375 0.44140625 0.04375 0.0578125
1 0.06875 0.5296875 0.1375 0.25
0 0.53125 0.53359375 0.059375 0.0828125
0 0.753125 0.53359375 0.075 0.0828125
0 0.30625 0.54765625 0.06875 0.0828125
0 0.6609375 0.56015625 0.075 0.0953125
0 0.73828125 0.66875 0.0984375 0.146875
1 0.934375 0.68125 0.13125 0.240625
0 0.584375 0.69765625 0.09375 0.1546875