1 0.603125 0.37734375 0.0375 0.0671875
0 0.37734375 0.384375 0.0359375 0.05625
0 0.4953125 0.396875 0.0375 0.059375
0 0.3140625 0.40078125 0.0375 0.0484375
0 0.359375 0.4578125 0.04375 0.05625
1 0.15078125 0.4578125 0.1546875 0.20625
0 0.2640625 0.48515625 0.059375 0.0796875
0 0.60546875 0.50625 0.0640625 0.0875
0 0.334375 0.54453125 0.06875 0.0859375
1 0.69921875 0.5609375 0.1203125 0.2125
1 0.84296875 0.6 0.1078125 0.140625
1 0.55 0.603125 0.078125 0.140625
1 0.79140625 0.69453125 0.1390625 0.2109375
1 0.08671875 0.715625 0.1734375 0.34375
0 0.23359375 0.803125 0.1359375 0.18125
0 0.6296875 0.87734375 0.1375 0.2078125