1 0.4640625 0.33671875 0.04375 0.0640625
1 0.52578125 0.3375 0.0515625 0.08125
0 0.46953125 0.359375 0.0265625 0.03125
0 0.32578125 0.37109375 0.0328125 0.0453125
1 0.628125 0.39375 0.0625 0.1
0 0.484375 0.39609375 0.034375 0.0453125
0 0.3671875 0.39765625 0.04375 0.0578125
1 0.56875 0.39921875 0.075 0.1265625
0 0.69375 0.41953125 0.046875 0.0515625
1 0.27109375 0.43359375 0.0578125 0.0796875
0 0.66171875 0.44921875 0.0453125 0.0609375
0 0.503125 0.45390625 0.05 0.0796875
1 0.17578125 0.46875 0.0765625 0.10625
0 0.52265625 0.5 0.0546875 0.0875
1 0.81015625 0.51640625 0.1921875 0.2453125
0 0.65859375 0.56875 0.0765625 0.109375
0 0.30390625 0.62265625 0.0921875 0.1296875
0 0.55078125 0.628125 0.0828125 0.140625
0 0.628125 0.81875 0.13125 0.178125
0 0.840625 0.86796875 0.175 0.2265625