1 0.31640625 0.3890625 0.0453125 0.06875
1 0.5890625 0.42421875 0.096875 0.1609375
1 0.6875 0.42578125 0.1 0.1359375
0 0.5171875 0.459375 0.05 0.059375
0 0.35078125 0.46953125 0.0578125 0.0765625
1 0.13671875 0.47265625 0.1140625 0.1546875
0 0.51484375 0.50625 0.0640625 0.103125
1 0.67109375 0.53203125 0.1390625 0.2109375
0 0.8140625 0.53203125 0.065625 0.0859375
1 0.21484375 0.5390625 0.0859375 0.11875
0 0.53515625 0.575 0.0765625 0.11875
0 0.578125 0.70234375 0.103125 0.1296875
0 0.2703125 0.7125 0.10625 0.14375
1 0.85390625 0.76328125 0.2921875 0.4734375
0 0.61328125 0.875 0.1359375 0.21875