0 0.38671875 0.334375 0.0296875 0.034375
0 0.3125 0.33828125 0.028125 0.0390625
0 0.38515625 0.3515625 0.0296875 0.03125
0 0.47890625 0.37109375 0.0296875 0.0421875
0 0.38125 0.3796875 0.0375 0.05
0 0.5515625 0.38203125 0.03125 0.0359375
1 0.66015625 0.403125 0.0921875 0.134375
0 0.5609375 0.4171875 0.040625 0.05
1 0.2734375 0.421875 0.090625 0.128125
0 0.50859375 0.44375 0.0484375 0.059375
1 0.77578125 0.5078125 0.1671875 0.20625
0 0.66328125 0.5796875 0.0921875 0.1125
0 0.55234375 0.60078125 0.0765625 0.1015625
0 0.62734375 0.78984375 0.1328125 0.2203125