0 0.59609375 0.375 0.0390625 0.05
0 0.546875 0.39453125 0.040625 0.0484375
0 0.61953125 0.40546875 0.0390625 0.0515625
0 0.4890625 0.40859375 0.034375 0.0421875
1 0.1984375 0.41875 0.06875 0.0875
1 0.675 0.43671875 0.0625 0.0890625
0 0.59375 0.45703125 0.05625 0.0734375
0 0.50546875 0.45859375 0.0453125 0.0546875
1 0.7859375 0.5171875 0.1875 0.2875
0 0.54765625 0.5625 0.0765625 0.1125
0 0.9265625 0.58359375 0.08125 0.1046875
1 0.70078125 0.596875 0.1703125 0.2375
0 0.61640625 0.778125 0.1203125 0.184375
0 0.1828125 0.8921875 0.15625 0.215625