0 0.4 0.315625 0.028125 0.0375
0 0.3625 0.31875 0.03125 0.028125
1 0.2984375 0.33125 0.05625 0.0875
0 0.3875 0.3421875 0.040625 0.05
1 0.53828125 0.365625 0.0703125 0.10625
0 0.63828125 0.409375 0.0421875 0.059375
0 0.36171875 0.42109375 0.0546875 0.0796875
1 0.5859375 0.4421875 0.084375 0.125
0 0.68203125 0.446875 0.0578125 0.08125
0 0.5171875 0.496875 0.06875 0.084375
0 0.78828125 0.525 0.0734375 0.096875
0 0.63359375 0.5265625 0.0734375 0.10625
0 0.54140625 0.58046875 0.0859375 0.1265625
1 0.9046875 0.67109375 0.190625 0.3546875
0 0.57578125 0.73828125 0.1203125 0.1984375
0 0.2359375 0.76328125 0.1625 0.2515625
0 0.859375 0.87890625 0.2 0.2421875