0 0.47734375 0.36875 0.0328125 0.046875
1 0.24609375 0.38125 0.0484375 0.071875
0 0.60390625 0.3875 0.0359375 0.046875
0 0.55546875 0.39453125 0.0328125 0.0515625
0 0.37890625 0.40234375 0.0359375 0.0453125
1 0.2140625 0.4125 0.059375 0.078125
0 0.64765625 0.428125 0.0515625 0.059375
0 0.50625 0.471875 0.05 0.078125
1 0.22734375 0.4875 0.0828125 0.13125
0 0.103125 0.525 0.071875 0.090625
0 0.62578125 0.5265625 0.0640625 0.08125
0 0.3328125 0.5375 0.065625 0.08125
1 0.77109375 0.540625 0.1578125 0.171875
0 0.54140625 0.559375 0.0703125 0.090625
1 0.1546875 0.58125 0.11875 0.1875
0 0.7375 0.665625 0.1 0.1125
0 0.26875 0.72109375 0.096875 0.1171875
0 0.91328125 0.88515625 0.1734375 0.2296875