1 0.553125 0.3875 0.05625 0.075
1 0.6234375 0.39375 0.053125 0.0875
0 0.25 0.39765625 0.04375 0.0671875
0 0.359375 0.409375 0.05 0.059375
0 0.57265625 0.421875 0.0421875 0.05
1 0.684375 0.43125 0.078125 0.109375
0 0.5046875 0.44921875 0.040625 0.0640625
0 0.271875 0.45 0.05 0.053125
0 0.59375 0.45 0.04375 0.065625
0 0.5140625 0.48203125 0.05 0.0640625
0 0.35546875 0.48671875 0.0484375 0.0765625
1 0.7546875 0.48828125 0.10625 0.1390625
1 0.6171875 0.5015625 0.059375 0.11875
0 0.53984375 0.53515625 0.0671875 0.0921875
1 0.67109375 0.55546875 0.1078125 0.1859375
1 0.53046875 0.590625 0.1140625 0.11875
1 0.73203125 0.634375 0.0421875 0.14375
1 0.85625 0.69609375 0.240625 0.3046875
0 0.571875 0.721875 0.109375 0.171875
0 0.609375 0.85 0.140625 0.209375
0 0.6390625 0.94765625 0.178125 0.1046875