0 0.51875 0.35078125 0.028125 0.0390625
0 0.38046875 0.371875 0.0359375 0.05
0 0.60703125 0.37734375 0.0203125 0.0546875
0 0.48515625 0.396875 0.0390625 0.0625
1 0.571875 0.403125 0.078125 0.090625
1 0.196875 0.41875 0.04375 0.08125
0 0.36015625 0.42890625 0.0421875 0.0453125
1 0.2625 0.446875 0.071875 0.146875
1 0.778125 0.4953125 0.128125 0.18125
0 0.3421875 0.515625 0.071875 0.103125
0 0.1015625 0.5171875 0.078125 0.1
0 0.55390625 0.565625 0.0921875 0.121875
0 0.27109375 0.68515625 0.1390625 0.1453125
0 0.80859375 0.7375 0.1265625 0.178125
0 0.60703125 0.7875 0.0921875 0.165625
0 0.0484375 0.89765625 0.090625 0.1546875
0 0.903125 0.921875 0.19375 0.146875