0 0.378125 0.29765625 0.03125 0.0296875
1 0.3265625 0.30390625 0.046875 0.0671875
0 0.39921875 0.3125 0.0421875 0.03125
0 0.39140625 0.35 0.0421875 0.059375
1 0.58515625 0.35234375 0.0421875 0.0828125
1 0.54296875 0.3734375 0.0828125 0.1125
0 0.3671875 0.40546875 0.046875 0.0515625
0 0.496875 0.41875 0.053125 0.05625
0 0.68984375 0.459375 0.0515625 0.075
0 0.503125 0.46953125 0.05 0.0765625
1 0.62890625 0.49453125 0.0953125 0.1484375
0 0.7546875 0.51328125 0.075 0.1015625
0 0.5390625 0.559375 0.071875 0.10625
0 0.6875 0.6171875 0.115625 0.15
0 0.57890625 0.67734375 0.1140625 0.1671875
1 0.96953125 0.73359375 0.0609375 0.2796875
0 0.63125 0.9140625 0.1625 0.171875