1 0.34453125 0.34765625 0.0421875 0.0546875
1 0.27421875 0.34921875 0.0671875 0.0890625
0 0.38515625 0.36171875 0.0328125 0.0359375
0 0.3796875 0.38984375 0.040625 0.0546875
1 0.59375 0.41328125 0.06875 0.1359375
1 0.2953125 0.41953125 0.075 0.1265625
0 0.4921875 0.45234375 0.05 0.0703125
0 0.70234375 0.47265625 0.0484375 0.0921875
0 0.52109375 0.475 0.0546875 0.05
1 0.62890625 0.48359375 0.1203125 0.2046875
1 0.2140625 0.4984375 0.08125 0.1125
1 0.79296875 0.509375 0.1515625 0.21875
0 0.528125 0.534375 0.0625 0.103125
0 0.5453125 0.61640625 0.078125 0.1328125
0 0.946875 0.6546875 0.10625 0.15
1 0.77578125 0.675 0.2203125 0.3375
0 0.2578125 0.7625 0.153125 0.190625
0 0.6046875 0.76953125 0.140625 0.1765625
1 0.90078125 0.8234375 0.1984375 0.353125