1 0.34921875 0.325 0.0421875 0.084375
1 0.3875 0.35546875 0.03125 0.0359375
0 0.36328125 0.396875 0.0390625 0.04375
0 0.5765625 0.4125 0.040625 0.046875
1 0.24921875 0.471875 0.0890625 0.134375
0 0.59609375 0.471875 0.0484375 0.071875
1 0.7296875 0.471875 0.090625 0.14375
1 0.509375 0.4765625 0.065625 0.06875
1 0.34765625 0.48828125 0.0609375 0.0984375
1 0.1 0.503125 0.134375 0.171875
1 0.63359375 0.51875 0.0828125 0.159375
0 0.515625 0.5453125 0.065625 0.09375
1 0.68046875 0.5515625 0.1046875 0.19375
1 0.9 0.58671875 0.2 0.2515625
0 0.54921875 0.6 0.0765625 0.115625
0 0.1796875 0.6109375 0.115625 0.125
1 0.74296875 0.62421875 0.0734375 0.1234375
0 0.55703125 0.696875 0.0828125 0.15
1 0.84296875 0.70625 0.1921875 0.3375
0 0.278125 0.74765625 0.125 0.1421875
1 0.91328125 0.83125 0.1734375 0.3375
0 0.71953125 0.8625 0.1515625 0.271875
0 0.590625 0.92265625 0.1125 0.1546875