1 0.3296875 0.30625 0.0375 0.053125
0 0.40703125 0.31015625 0.0234375 0.0328125
1 0.36484375 0.3140625 0.0296875 0.05625
1 0.3359375 0.34609375 0.028125 0.0578125
0 0.38515625 0.353125 0.0359375 0.03125
1 0.28828125 0.378125 0.0828125 0.140625
0 0.371875 0.41875 0.046875 0.0625
0 0.49453125 0.428125 0.0390625 0.046875
0 0.49765625 0.475 0.0453125 0.078125
0 0.5359375 0.509375 0.078125 0.065625
0 0.80703125 0.5609375 0.0734375 0.1
0 0.55546875 0.56875 0.0984375 0.1
0 0.69375 0.578125 0.165625 0.315625
0 0.578125 0.69140625 0.128125 0.1921875
1 0.88046875 0.8046875 0.2390625 0.390625