0 0.5671875 0.42421875 0.03125 0.0515625
0 0.36015625 0.44140625 0.0578125 0.0796875
0 0.6625 0.44140625 0.034375 0.0546875
1 0.61484375 0.45 0.0765625 0.1375
0 0.2734375 0.46015625 0.05625 0.0578125
1 0.5078125 0.465625 0.053125 0.090625
1 0.7328125 0.4890625 0.075 0.09375
1 0.65859375 0.51875 0.0796875 0.134375
0 0.5390625 0.57421875 0.065625 0.1015625
1 0.0703125 0.57421875 0.140625 0.3109375
0 0.32890625 0.59140625 0.0765625 0.0953125
1 0.8984375 0.6 0.196875 0.321875
0 0.17578125 0.625 0.0921875 0.1
0 0.5921875 0.759375 0.11875 0.196875
0 0.2453125 0.815625 0.128125 0.165625