1 0.50625 0.31640625 0.0375 0.0703125
0 0.565625 0.3171875 0.025 0.0375
0 0.38984375 0.33515625 0.0296875 0.0328125
0 0.58203125 0.33984375 0.0296875 0.0328125
0 0.47421875 0.35390625 0.0328125 0.0421875
1 0.2765625 0.35859375 0.059375 0.1046875
0 0.378125 0.375 0.03125 0.040625
1 0.3078125 0.38046875 0.059375 0.1140625
1 0.6140625 0.384375 0.046875 0.075
0 0.49609375 0.4 0.0390625 0.034375
0 0.36640625 0.415625 0.0484375 0.078125
1 0.6484375 0.41875 0.053125 0.09375
0 0.559375 0.41953125 0.03125 0.0734375
0 0.71015625 0.440625 0.0578125 0.090625
0 0.49296875 0.44453125 0.0515625 0.0765625
0 0.171875 0.46875 0.06875 0.0875
0 0.25234375 0.49375 0.0609375 0.10625
0 0.33828125 0.50625 0.0640625 0.096875
0 0.63046875 0.50859375 0.0640625 0.1203125
0 0.0859375 0.5375 0.1 0.109375
0 0.83046875 0.546875 0.0921875 0.1
0 0.55 0.584375 0.08125 0.140625
0 0.8515625 0.640625 0.1 0.134375
1 0.740625 0.6484375 0.146875 0.3
0 0.14609375 0.65703125 0.1171875 0.1359375
0 0.3 0.659375 0.109375 0.165625
0 0.64375 0.79296875 0.153125 0.2484375
1 0.93671875 0.83203125 0.1265625 0.2484375