0 0.38828125 0.3484375 0.0296875 0.0375
0 0.47890625 0.353125 0.0453125 0.046875
1 0.30703125 0.37109375 0.0484375 0.0828125
1 0.621875 0.37734375 0.05625 0.0921875
0 0.4921875 0.4 0.03125 0.021875
1 0.66015625 0.40625 0.0640625 0.096875
0 0.365625 0.41875 0.04375 0.05625
0 0.5015625 0.4203125 0.0375 0.03125
0 0.59296875 0.43515625 0.0390625 0.0421875
0 0.50625 0.44453125 0.046875 0.0265625
1 0.73984375 0.4828125 0.0953125 0.11875
1 0.5109375 0.49375 0.059375 0.084375
1 0.62265625 0.503125 0.0640625 0.1125
1 0.878125 0.559375 0.16875 0.125
1 0.66953125 0.56171875 0.1140625 0.2015625
0 0.52265625 0.571875 0.0609375 0.1
1 0.746875 0.634375 0.071875 0.14375
0 0.56171875 0.65234375 0.0828125 0.1421875
1 0.85625 0.71640625 0.21875 0.3328125
1 0.92578125 0.8421875 0.1484375 0.315625
0 0.61328125 0.878125 0.1328125 0.21875