1 0.35859375 0.3125 0.0453125 0.0625
1 0.31640625 0.31796875 0.0359375 0.0484375
0 0.3328125 0.36484375 0.03125 0.0546875
1 0.59921875 0.3703125 0.0734375 0.09375
0 0.55390625 0.396875 0.0359375 0.05
1 0.66796875 0.415625 0.0734375 0.11875
0 0.49453125 0.434375 0.0484375 0.065625
0 0.57109375 0.434375 0.0546875 0.065625
1 0.6 0.459375 0.065625 0.109375
0 0.503125 0.496875 0.053125 0.071875
1 0.8203125 0.509375 0.209375 0.23125
1 0.63515625 0.52578125 0.0921875 0.1734375
1 0.184375 0.54140625 0.159375 0.2453125
0 0.52890625 0.57265625 0.0609375 0.1296875
1 0.7359375 0.60234375 0.08125 0.1203125
0 0.53984375 0.63359375 0.0796875 0.1453125
1 0.8296875 0.678125 0.221875 0.321875
0 0.665625 0.703125 0.10625 0.203125
0 0.2515625 0.734375 0.13125 0.171875
1 0.909375 0.8234375 0.18125 0.353125
0 0.57578125 0.90390625 0.1421875 0.1921875