1 0.49453125 0.3 0.0203125 0.046875
0 0.52421875 0.30859375 0.0171875 0.0203125
0 0.4 0.3125 0.0125 0.028125
0 0.4609375 0.31328125 0.009375 0.0265625
0 0.28984375 0.3375 0.0421875 0.05
0 0.475 0.33828125 0.03125 0.0265625
0 0.39296875 0.33984375 0.0234375 0.0328125
0 0.52109375 0.34765625 0.0203125 0.0421875
0 0.33125 0.3515625 0.021875 0.04375
1 0.5546875 0.37890625 0.0375 0.0703125
0 0.48671875 0.38984375 0.0328125 0.0578125
0 0.36640625 0.39375 0.0484375 0.06875
1 0.30390625 0.3984375 0.0671875 0.1
1 0.29921875 0.40859375 0.0671875 0.1078125
0 0.22890625 0.4234375 0.0671875 0.0625
1 0.6921875 0.44375 0.084375 0.153125
1 0.6234375 0.45 0.103125 0.171875
0 0.7609375 0.459375 0.04375 0.084375
0 0.35234375 0.47890625 0.0734375 0.0828125
1 0.2296875 0.50234375 0.096875 0.1328125
0 0.8484375 0.53125 0.09375 0.10625
1 0.559375 0.534375 0.140625 0.25625
0 0.3296875 0.58125 0.09375 0.134375
0 0.89453125 0.678125 0.1265625 0.19375
0 0.08828125 0.69296875 0.1390625 0.2109375