1 0.346875 0.30625 0.0375 0.065625
0 0.46328125 0.321875 0.0234375 0.03125
1 0.5203125 0.33046875 0.05 0.0765625
0 0.3875 0.34140625 0.025 0.0296875
0 0.49921875 0.36796875 0.0296875 0.0390625
1 0.60625 0.371875 0.065625 0.08125
0 0.36875 0.40390625 0.046875 0.0703125
0 0.5390625 0.415625 0.053125 0.0625
0 0.51796875 0.46953125 0.0578125 0.0859375
0 0.3046875 0.55234375 0.08125 0.1046875
0 0.57421875 0.659375 0.1046875 0.146875
0 0.77265625 0.725 0.1453125 0.18125
0 0.2109375 0.92890625 0.1625 0.1421875