0 0.375 0.34453125 0.03125 0.0359375
0 0.3015625 0.4 0.04375 0.071875
1 0.65546875 0.4 0.0953125 0.125
1 0.5765625 0.409375 0.0875 0.125
0 0.4890625 0.43125 0.040625 0.0625
0 0.5125 0.446875 0.046875 0.05625
0 0.7546875 0.47578125 0.075 0.0859375
1 0.24765625 0.48984375 0.0703125 0.1171875
0 0.51328125 0.4921875 0.0734375 0.075
1 0.64921875 0.4984375 0.1390625 0.1625
0 0.53515625 0.5625 0.0765625 0.115625
0 0.56484375 0.6671875 0.1015625 0.125
1 0.95 0.68125 0.1 0.2375
1 0.8359375 0.73125 0.25625 0.3625
0 0.596875 0.80703125 0.1375 0.2109375
0 0.66328125 0.9171875 0.1515625 0.165625
0 0.1921875 0.934375 0.1625 0.13125