0 0.3703125 0.30625 0.021875 0.034375
0 0.3984375 0.31171875 0.021875 0.0265625
1 0.5625 0.3390625 0.065625 0.09375
0 0.4734375 0.34375 0.028125 0.0375
0 0.3421875 0.34453125 0.028125 0.0359375
0 0.38828125 0.35390625 0.0296875 0.0453125
0 0.5109375 0.3546875 0.025 0.0375
0 0.48046875 0.36484375 0.0328125 0.0453125
0 0.49375 0.409375 0.040625 0.046875
0 0.50859375 0.46015625 0.0609375 0.0703125
0 0.32578125 0.496875 0.0640625 0.078125
1 0.803125 0.5625 0.190625 0.246875
0 0.58828125 0.66015625 0.1171875 0.1703125
0 0.66484375 0.8859375 0.1671875 0.228125