0 0.40546875 0.303125 0.0296875 0.0375
1 0.4671875 0.33046875 0.04375 0.0640625
0 0.390625 0.33125 0.034375 0.040625
1 0.51640625 0.3375 0.0515625 0.08125
0 0.34921875 0.340625 0.0359375 0.05
0 0.27421875 0.359375 0.0609375 0.071875
0 0.46953125 0.359375 0.0265625 0.03125
1 0.6 0.3671875 0.0625 0.1
0 0.4796875 0.36875 0.034375 0.0375
1 0.54921875 0.375 0.0671875 0.109375
0 0.48046875 0.3953125 0.0328125 0.04375
0 0.48828125 0.4078125 0.0328125 0.03125
0 0.553125 0.4140625 0.040625 0.04375
0 0.6328125 0.415625 0.0375 0.05
0 0.5015625 0.446875 0.046875 0.0375
1 0.71953125 0.45 0.1296875 0.16875
0 0.59140625 0.46875 0.0515625 0.078125
0 0.51171875 0.49765625 0.0578125 0.0828125
0 0.6359375 0.540625 0.071875 0.090625
0 0.53046875 0.56171875 0.0828125 0.1015625
0 0.171875 0.62890625 0.09375 0.0953125
1 0.8578125 0.76953125 0.284375 0.4609375
0 0.64375 0.8859375 0.153125 0.228125