1 0.55078125 0.36875 0.0515625 0.0875
1 0.30859375 0.378125 0.0453125 0.071875
0 0.490625 0.40234375 0.034375 0.0421875
0 0.36875 0.4140625 0.04375 0.04375
1 0.16875 0.42734375 0.13125 0.1796875
1 0.68828125 0.43203125 0.0890625 0.1609375
0 0.49609375 0.44765625 0.0484375 0.0671875
0 0.27421875 0.453125 0.0484375 0.05625
1 0.62421875 0.46171875 0.1265625 0.1890625
0 0.3421875 0.46640625 0.046875 0.0671875
0 0.52265625 0.51015625 0.0578125 0.0828125
1 0.1625 0.56015625 0.090625 0.1046875
1 0.246875 0.7875 0.159375 0.228125
0 0.059375 0.790625 0.11875 0.121875
0 0.63125 0.8859375 0.14375 0.228125