1 0.2734375 0.35 0.05 0.071875
1 0.340625 0.353125 0.04375 0.053125
0 0.3875 0.36328125 0.034375 0.0359375
0 0.371875 0.40234375 0.03125 0.0671875
1 0.28671875 0.4203125 0.0921875 0.11875
0 0.49296875 0.44921875 0.0546875 0.0640625
0 0.68828125 0.465625 0.0453125 0.065625
0 0.5203125 0.47109375 0.046875 0.0421875
1 0.62734375 0.475 0.1203125 0.203125
1 0.78046875 0.49140625 0.1421875 0.2046875
1 0.19765625 0.5203125 0.0921875 0.13125
0 0.52734375 0.51953125 0.0859375 0.0734375
0 0.546875 0.6046875 0.08125 0.125
0 0.94453125 0.6609375 0.1109375 0.1375
1 0.76796875 0.66796875 0.2203125 0.3484375
0 0.59921875 0.77421875 0.1265625 0.2140625
1 0.90078125 0.815625 0.1984375 0.36875
0 0.2296875 0.84609375 0.159375 0.2171875
0 0.64296875 0.9734375 0.1671875 0.053125