1 0.7671875 0.49453125 0.09375 0.1234375
1 0.53046875 0.51328125 0.0515625 0.0515625
1 0.6703125 0.54375 0.09375 0.20625
0 0.5609375 0.57109375 0.0625 0.1078125
0 0.3203125 0.58828125 0.075 0.1015625
1 0.90859375 0.60234375 0.1671875 0.1828125
1 0.53515625 0.6125 0.0671875 0.125
1 0.7546875 0.63125 0.071875 0.14375
1 0.84609375 0.68515625 0.1921875 0.2828125
0 0.584375 0.70703125 0.090625 0.1109375
0 0.17890625 0.7171875 0.1046875 0.125
0 0.609375 0.83359375 0.1125 0.1421875
1 0.928125 0.84453125 0.134375 0.2859375
0 0.64375 0.9484375 0.128125 0.103125