0 0.39609375 0.321875 0.0296875 0.0375
1 0.4671875 0.33046875 0.04375 0.0640625
1 0.51640625 0.3375 0.0515625 0.08125
0 0.3765625 0.359375 0.034375 0.05
0 0.46953125 0.359375 0.0265625 0.03125
0 0.33515625 0.3671875 0.0359375 0.05
1 0.6 0.3671875 0.0625 0.1
0 0.4796875 0.36875 0.034375 0.0375
1 0.54921875 0.375 0.0671875 0.109375
0 0.24921875 0.384375 0.0640625 0.078125
0 0.48046875 0.3953125 0.0328125 0.04375
0 0.48828125 0.4078125 0.0328125 0.03125
0 0.553125 0.4140625 0.040625 0.04375
0 0.6296875 0.41328125 0.03125 0.0484375
1 0.70703125 0.43203125 0.1234375 0.1359375
0 0.49765625 0.434375 0.0515625 0.05625
0 0.58203125 0.45625 0.0515625 0.078125
0 0.6140625 0.515625 0.0625 0.0875
0 0.52109375 0.5375 0.0671875 0.10625
1 0.8390625 0.746875 0.321875 0.50625
0 0.609375 0.784375 0.134375 0.2