1 0.31796875 0.365625 0.0578125 0.084375
0 0.38515625 0.38203125 0.0359375 0.0484375
0 0.478125 0.384375 0.040625 0.046875
1 0.56171875 0.39296875 0.0828125 0.1265625
0 0.3640625 0.4203125 0.05 0.05625
1 0.24765625 0.43046875 0.0640625 0.0984375
1 0.675 0.43125 0.09375 0.146875
0 0.51171875 0.484375 0.0546875 0.090625
0 0.3265625 0.52578125 0.0625 0.0734375
0 0.6375 0.52578125 0.0625 0.1109375
0 0.14140625 0.61484375 0.1046875 0.1046875
1 0.79140625 0.6625 0.2640625 0.359375
0 0.621875 0.69609375 0.125 0.1703125
0 0.96015625 0.75078125 0.0796875 0.1515625