1 0.60234375 0.359375 0.0640625 0.11875
1 0.54765625 0.38125 0.0421875 0.071875
1 0.6875 0.40390625 0.046875 0.0703125
1 0.64765625 0.40703125 0.0578125 0.0890625
0 0.571875 0.4234375 0.0375 0.05
0 0.48984375 0.42578125 0.0546875 0.0515625
0 0.59140625 0.45234375 0.0484375 0.0703125
0 0.51328125 0.471875 0.0703125 0.0625
1 0.734375 0.478125 0.10625 0.14375
0 0.33515625 0.48671875 0.0671875 0.1109375
1 0.6234375 0.509375 0.065625 0.125
0 0.525 0.5125 0.071875 0.065625
1 0.8125 0.525 0.13125 0.134375
1 0.6671875 0.55078125 0.1 0.1859375
1 0.534375 0.59921875 0.09375 0.1265625
1 0.0390625 0.6140625 0.078125 0.16875
1 0.734375 0.63828125 0.04375 0.1515625
1 0.86328125 0.703125 0.2109375 0.30625
0 0.575 0.71875 0.1125 0.146875
0 0.60546875 0.8375 0.1515625 0.16875
1 0.92265625 0.84375 0.1546875 0.3125
0 0.203125 0.9109375 0.178125 0.178125
0 0.64140625 0.94453125 0.1515625 0.1109375