1 0.50859375 0.321875 0.0421875 0.065625
0 0.38125 0.34453125 0.034375 0.0390625
1 0.3296875 0.35625 0.059375 0.078125
1 0.2546875 0.371875 0.053125 0.075
1 0.5484375 0.37265625 0.046875 0.0953125
0 0.48203125 0.37734375 0.0328125 0.0453125
1 0.371875 0.38984375 0.040625 0.0546875
1 0.6234375 0.409375 0.053125 0.09375
0 0.2421875 0.48359375 0.065625 0.0828125
0 0.33828125 0.4984375 0.0578125 0.075
0 0.61484375 0.68984375 0.1015625 0.1703125
0 0.78125 0.71875 0.125 0.16875
0 0.1125 0.72734375 0.121875 0.1453125