1 0.27265625 0.3625 0.0609375 0.08125
0 0.33671875 0.36171875 0.0265625 0.0390625
0 0.49296875 0.40234375 0.0421875 0.0421875
1 0.5640625 0.40625 0.053125 0.090625
0 0.36640625 0.40859375 0.0484375 0.0546875
0 0.6484375 0.421875 0.04375 0.046875
0 0.4890625 0.42578125 0.034375 0.0484375
0 0.6953125 0.45625 0.053125 0.059375
0 0.50625 0.459375 0.046875 0.0625
0 0.596875 0.46171875 0.05 0.0640625
0 0.521875 0.51328125 0.053125 0.0734375
1 0.8375 0.56328125 0.196875 0.2234375
0 0.54609375 0.62734375 0.0890625 0.1203125
0 0.75390625 0.70625 0.1203125 0.159375
1 0.96015625 0.7734375 0.0796875 0.1875
0 0.24140625 0.7828125 0.1234375 0.15625
0 0.62734375 0.8421875 0.1265625 0.1875