0 0.6 0.37890625 0.046875 0.0546875
0 0.478125 0.38125 0.034375 0.040625
0 0.55 0.403125 0.040625 0.046875
1 0.221875 0.40546875 0.059375 0.0734375
0 0.62734375 0.41328125 0.0453125 0.0515625
0 0.4953125 0.41875 0.040625 0.046875
1 0.68828125 0.44921875 0.0671875 0.1015625
0 0.6015625 0.47578125 0.05625 0.0734375
0 0.5109375 0.48359375 0.05 0.0671875
1 0.80390625 0.5234375 0.1953125 0.2875
0 0.56171875 0.59765625 0.0921875 0.1296875
0 0.26875 0.64921875 0.096875 0.1359375
1 0.7375 0.65234375 0.184375 0.2546875
0 0.6453125 0.86171875 0.14375 0.2234375