0 0.35859375 0.321875 0.0328125 0.040625
1 0.4671875 0.328125 0.040625 0.0625
0 0.39375 0.3375 0.034375 0.046875
1 0.51875 0.3390625 0.040625 0.06875
0 0.47578125 0.3578125 0.0359375 0.03125
1 0.54375 0.36953125 0.05625 0.0890625
0 0.4796875 0.384375 0.03125 0.0375
1 0.66015625 0.396875 0.0953125 0.11875
1 0.22265625 0.39765625 0.0859375 0.1078125
0 0.49296875 0.4078125 0.0390625 0.03125
0 0.54609375 0.41953125 0.0234375 0.0515625
0 0.36484375 0.421875 0.0421875 0.065625
0 0.49921875 0.44765625 0.0515625 0.0546875
1 0.60390625 0.459375 0.0953125 0.165625
0 0.51640625 0.49453125 0.0609375 0.0609375
0 0.53671875 0.5578125 0.0671875 0.08125
0 0.83359375 0.603125 0.0796875 0.13125
1 0.75078125 0.61484375 0.1984375 0.3328125
0 0.56640625 0.665625 0.0890625 0.121875
0 0.271875 0.72578125 0.115625 0.1390625
0 0.9546875 0.76171875 0.090625 0.1765625
0 0.6734375 0.903125 0.1625 0.19375