1 0.32421875 0.37734375 0.0359375 0.0703125
1 0.5984375 0.38125 0.034375 0.078125
0 0.634375 0.38125 0.03125 0.053125
0 0.3640625 0.39453125 0.021875 0.0390625
1 0.2046875 0.39921875 0.0875 0.1140625
0 0.28359375 0.403125 0.0265625 0.065625
0 0.56328125 0.41875 0.0390625 0.071875
0 0.49921875 0.425 0.0515625 0.071875
1 0.70078125 0.43515625 0.1015625 0.1171875
0 0.35390625 0.44765625 0.0578125 0.0703125
0 0.5984375 0.475 0.053125 0.0875
0 0.31796875 0.50625 0.0578125 0.0875
1 0.70078125 0.57109375 0.1453125 0.2328125
0 0.5453125 0.590625 0.096875 0.11875
1 0.884375 0.60859375 0.159375 0.2671875
0 0.0859375 0.67890625 0.121875 0.1421875
0 0.64140625 0.80390625 0.1421875 0.2328125
0 0.23515625 0.87890625 0.1515625 0.2171875