0 0.36953125 0.321875 0.0234375 0.0375
0 0.5640625 0.34453125 0.034375 0.0390625
0 0.52421875 0.35703125 0.0296875 0.0390625
0 0.3375 0.359375 0.03125 0.0375
0 0.58046875 0.36328125 0.0296875 0.0265625
0 0.3828125 0.36875 0.03125 0.034375
0 0.61015625 0.371875 0.0328125 0.046875
0 0.4859375 0.390625 0.0375 0.04375
0 0.5515625 0.39296875 0.034375 0.0484375
1 0.684375 0.41484375 0.109375 0.1796875
0 0.3203125 0.42421875 0.040625 0.0484375
1 0.59453125 0.440625 0.0765625 0.1125
0 0.50859375 0.440625 0.0515625 0.065625
0 0.51875 0.51328125 0.059375 0.0734375
0 0.815625 0.609375 0.096875 0.090625
0 0.55859375 0.64609375 0.0859375 0.1296875
0 0.71171875 0.64765625 0.0890625 0.1171875