1 0.6203125 0.3890625 0.071875 0.10625
1 0.57421875 0.4125 0.0640625 0.1125
0 0.49609375 0.4203125 0.0421875 0.05625
0 0.3515625 0.4328125 0.046875 0.05625
1 0.7203125 0.47265625 0.128125 0.1828125
0 0.51015625 0.47578125 0.0546875 0.0765625
0 0.62734375 0.50859375 0.0671875 0.0828125
0 0.54453125 0.571875 0.0734375 0.115625
0 0.8953125 0.578125 0.103125 0.109375
0 0.67578125 0.5828125 0.0890625 0.10625
1 0.165625 0.68359375 0.1125 0.1203125
1 0.80234375 0.70546875 0.1515625 0.2734375
0 0.61875 0.71328125 0.115625 0.1765625