1 0.21796875 0.38203125 0.0921875 0.0890625
0 0.3140625 0.39375 0.0375 0.053125
0 0.5578125 0.39375 0.0375 0.046875
0 0.49609375 0.41875 0.0390625 0.059375
1 0.66484375 0.4453125 0.0640625 0.09375
0 0.57890625 0.459375 0.0484375 0.059375
0 0.35546875 0.48046875 0.0546875 0.0640625
0 0.52265625 0.484375 0.0515625 0.075
1 0.19140625 0.49453125 0.1515625 0.2140625
1 0.62734375 0.50859375 0.0828125 0.1203125
1 0.06171875 0.53671875 0.1234375 0.2015625
0 0.553125 0.6375 0.09375 0.146875
0 0.91015625 0.8953125 0.1796875 0.209375