0 0.4671875 0.325 0.025 0.03125
1 0.5140625 0.328125 0.034375 0.06875
1 0.55859375 0.334375 0.0359375 0.065625
1 0.33046875 0.346875 0.0546875 0.084375
1 0.275 0.35234375 0.05625 0.0703125
0 0.375 0.3875 0.034375 0.04375
1 0.2265625 0.3875 0.090625 0.0875
0 0.55 0.40234375 0.0375 0.0546875
0 0.50625 0.4203125 0.040625 0.06875
0 0.34609375 0.45 0.0484375 0.05625
1 0.2515625 0.453125 0.115625 0.15625
1 0.13671875 0.47109375 0.0859375 0.1171875
1 0.2796875 0.6453125 0.10625 0.13125
0 0.80234375 0.909375 0.1609375 0.18125