0 0.4 0.31875 0.028125 0.0375
0 0.3609375 0.325 0.03125 0.028125
1 0.2984375 0.33125 0.05625 0.0875
0 0.3828125 0.353125 0.040625 0.05
1 0.5390625 0.3640625 0.0625 0.09375
0 0.63828125 0.409375 0.0421875 0.059375
1 0.578125 0.428125 0.084375 0.125
0 0.67421875 0.440625 0.0578125 0.08125
0 0.35390625 0.44375 0.0546875 0.078125
0 0.515625 0.48671875 0.06875 0.0859375
0 0.76328125 0.5 0.0734375 0.096875
0 0.61953125 0.503125 0.0703125 0.09375
0 0.53828125 0.56796875 0.0796875 0.1015625
1 0.88828125 0.64453125 0.2234375 0.3015625
0 0.56640625 0.709375 0.1140625 0.18125
0 0.8484375 0.871875 0.178125 0.225
0 0.146875 0.9265625 0.2625 0.146875