1 0.3421875 0.34765625 0.05 0.0828125
0 0.62421875 0.4015625 0.0453125 0.05625
0 0.69296875 0.4203125 0.0484375 0.05625
0 0.35 0.44296875 0.05 0.0484375
1 0.59765625 0.45078125 0.0671875 0.1140625
0 0.50390625 0.46484375 0.0515625 0.0796875
0 0.67734375 0.471875 0.0546875 0.06875
1 0.7546875 0.5125 0.1 0.159375
0 0.53828125 0.53125 0.0671875 0.090625
0 0.68671875 0.6 0.0953125 0.121875
1 0.91171875 0.66640625 0.1765625 0.3828125
1 0.82109375 0.7875 0.1890625 0.315625
0 0.64296875 0.903125 0.1296875 0.19375