1 0.278125 0.33125 0.053125 0.05
1 0.2171875 0.38359375 0.06875 0.0796875
1 0.284375 0.3890625 0.08125 0.11875
0 0.4875 0.39765625 0.034375 0.0453125
0 0.56953125 0.41875 0.0390625 0.05
0 0.6015625 0.4625 0.053125 0.06875
1 0.2046875 0.484375 0.1375 0.2
0 0.52421875 0.515625 0.0578125 0.084375
1 0.09375 0.51953125 0.096875 0.1140625
0 0.325 0.5625 0.06875 0.1
1 0.7859375 0.565625 0.1125 0.15625
0 0.66484375 0.603125 0.0796875 0.096875
0 0.575 0.65546875 0.090625 0.1484375
1 0.80078125 0.75 0.1796875 0.2375