0 0.40234375 0.30625 0.0203125 0.03125
1 0.35546875 0.31171875 0.0328125 0.0515625
0 0.39921875 0.31640625 0.0234375 0.0328125
1 0.51796875 0.334375 0.0328125 0.06875
0 0.46875 0.33671875 0.028125 0.0359375
1 0.56171875 0.34375 0.0390625 0.05625
1 0.2828125 0.34375 0.046875 0.053125
1 0.33359375 0.34609375 0.0515625 0.0921875
0 0.3796875 0.37109375 0.034375 0.0453125
1 0.23828125 0.38046875 0.0609375 0.0890625
0 0.56171875 0.42265625 0.0453125 0.0671875
1 0.26640625 0.43125 0.0953125 0.134375
0 0.51328125 0.43203125 0.0421875 0.0734375
0 0.35390625 0.4328125 0.0484375 0.06875
1 0.15703125 0.45234375 0.0734375 0.1171875
0 0.30859375 0.5828125 0.0890625 0.13125