1 0.36796875 0.30234375 0.0328125 0.0546875
0 0.38984375 0.3375 0.0203125 0.0375
1 0.31171875 0.365625 0.0484375 0.071875
0 0.3828125 0.3734375 0.034375 0.05
1 0.203125 0.41640625 0.09375 0.1203125
0 0.28828125 0.425 0.0453125 0.05625
0 0.36875 0.42890625 0.0625 0.0578125
1 0.5109375 0.4875 0.075 0.084375
1 0.75546875 0.48828125 0.1109375 0.1484375
1 0.62421875 0.51015625 0.0640625 0.1328125
1 0.66796875 0.546875 0.0953125 0.190625
0 0.5203125 0.56640625 0.084375 0.1046875
1 0.9265625 0.5875 0.146875 0.203125
0 0.5546875 0.61328125 0.08125 0.1109375
1 0.74921875 0.63515625 0.0890625 0.1578125
1 0.115625 0.64296875 0.23125 0.3109375
0 0.55859375 0.70625 0.0984375 0.146875
0 0.28125 0.725 0.13125 0.175
1 0.87578125 0.77265625 0.2484375 0.4546875
0 0.7328125 0.86875 0.165625 0.25625
0 0.59921875 0.93515625 0.1234375 0.1296875