0 0.37578125 0.3734375 0.0359375 0.0375
0 0.31484375 0.37421875 0.0328125 0.0484375
1 0.24296875 0.38125 0.0859375 0.115625
0 0.49921875 0.3875 0.0453125 0.05625
1 0.621875 0.409375 0.0625 0.103125
0 0.6765625 0.4125 0.034375 0.078125
0 0.36796875 0.41328125 0.0390625 0.0484375
0 0.57578125 0.44375 0.0484375 0.08125
0 0.3453125 0.44453125 0.05625 0.0640625
0 0.51484375 0.46015625 0.0546875 0.0953125
1 0.7734375 0.49140625 0.165625 0.1828125
0 0.196875 0.5125 0.115625 0.10625
0 0.659375 0.54296875 0.1 0.1390625
0 0.3109375 0.58125 0.10625 0.134375
0 0.1671875 0.64296875 0.13125 0.1359375
1 0.81640625 0.740625 0.2515625 0.371875
0 0.2703125 0.7703125 0.146875 0.21875
0 0.5984375 0.80625 0.13125 0.20625
1 0.04609375 0.83203125 0.0921875 0.3234375