1 0.515625 0.32734375 0.034375 0.0671875
1 0.6 0.35546875 0.053125 0.0984375
1 0.54921875 0.371875 0.0671875 0.1
0 0.4828125 0.384375 0.0375 0.05
1 0.21796875 0.38828125 0.0765625 0.1109375
1 0.31328125 0.390625 0.0515625 0.059375
0 0.359375 0.43125 0.040625 0.053125
0 0.2828125 0.44140625 0.046875 0.0578125
0 0.20859375 0.453125 0.0546875 0.05
0 0.49765625 0.45703125 0.0484375 0.0734375
1 0.6515625 0.48203125 0.115625 0.2109375
1 0.203125 0.55 0.10625 0.16875
1 0.86015625 0.6015625 0.1796875 0.18125
1 0.80390625 0.665625 0.1609375 0.296875
0 0.56875 0.66640625 0.0875 0.1421875
0 0.27265625 0.7203125 0.1171875 0.14375
0 0.04296875 0.89921875 0.0859375 0.1890625