1 0.353125 0.2875 0.028125 0.046875
0 0.40703125 0.290625 0.0234375 0.028125
0 0.3765625 0.30390625 0.025 0.0421875
1 0.58046875 0.31640625 0.0578125 0.0671875
0 0.3953125 0.325 0.025 0.0375
1 0.528125 0.35078125 0.053125 0.0734375
0 0.48125 0.3578125 0.034375 0.03125
0 0.48125 0.3859375 0.034375 0.0375
0 0.490625 0.42421875 0.040625 0.0515625
1 0.6078125 0.440625 0.11875 0.20625
0 0.3390625 0.45234375 0.0625 0.0796875
0 0.67109375 0.46015625 0.0484375 0.0703125
1 0.134375 0.47109375 0.090625 0.1296875
1 0.76640625 0.50234375 0.1515625 0.2171875
0 0.52578125 0.525 0.0703125 0.090625
0 0.20859375 0.55859375 0.1015625 0.1203125
1 0.9203125 0.6875 0.159375 0.28125
0 0.58046875 0.696875 0.1140625 0.16875
0 0.671875 0.9546875 0.159375 0.090625