0 0.32109375 0.33828125 0.0421875 0.0515625
0 0.35234375 0.34375 0.0296875 0.034375
0 0.38359375 0.35703125 0.0265625 0.0390625
1 0.71328125 0.45078125 0.0703125 0.1140625
0 0.5015625 0.4671875 0.034375 0.075
1 0.7859375 0.51171875 0.109375 0.1484375
0 0.52578125 0.515625 0.0515625 0.075
1 0.67421875 0.53515625 0.0890625 0.1828125
0 0.55703125 0.56171875 0.0578125 0.0859375
1 0.5375 0.615625 0.075 0.15
1 0.73203125 0.63671875 0.0515625 0.1359375
0 0.58515625 0.72109375 0.0921875 0.1171875
1 0.84609375 0.72578125 0.1953125 0.3859375
0 0.24921875 0.73046875 0.1421875 0.1515625
0 0.60703125 0.83046875 0.1140625 0.1484375
1 0.92890625 0.84765625 0.1421875 0.3046875
0 0.64296875 0.95 0.1359375 0.0875