0 0.55234375 0.3875 0.0421875 0.040625
0 0.48984375 0.4109375 0.0484375 0.0375
0 0.571875 0.4171875 0.04375 0.0625
1 0.6375 0.41640625 0.053125 0.0671875
0 0.3609375 0.4375 0.059375 0.075
1 0.7109375 0.446875 0.090625 0.125
0 0.50390625 0.46796875 0.0515625 0.0765625
0 0.58046875 0.46796875 0.0421875 0.0859375
0 0.765625 0.49296875 0.03125 0.0734375
1 0.615625 0.5109375 0.05 0.1625
0 0.50703125 0.528125 0.0515625 0.090625
1 0.2140625 0.53359375 0.1 0.1453125
1 0.0625 0.546875 0.125 0.196875
1 0.903125 0.559375 0.19375 0.221875
1 0.6796875 0.5625 0.1125 0.178125
1 0.3234375 0.57265625 0.065625 0.1421875
0 0.5359375 0.58984375 0.084375 0.1078125
1 0.73203125 0.61875 0.0546875 0.1375
0 0.55703125 0.68828125 0.0984375 0.1640625
1 0.8640625 0.728125 0.19375 0.365625
0 0.0609375 0.76328125 0.121875 0.1734375
0 0.728125 0.8390625 0.178125 0.24375
0 0.58828125 0.9203125 0.1265625 0.159375