1 0.4640625 0.33671875 0.04375 0.0640625
1 0.52578125 0.3375 0.0515625 0.08125
0 0.46953125 0.359375 0.0265625 0.03125
0 0.32265625 0.37890625 0.0328125 0.0453125
1 0.56484375 0.38984375 0.0671875 0.1078125
1 0.628125 0.39375 0.0625 0.1
0 0.48046875 0.3953125 0.0328125 0.04375
0 0.36171875 0.41328125 0.0421875 0.0609375
0 0.49765625 0.43828125 0.0421875 0.0640625
1 0.25625 0.446875 0.06875 0.084375
0 0.66171875 0.44921875 0.0453125 0.0609375
0 0.51640625 0.49140625 0.0421875 0.0703125
1 0.1390625 0.5 0.096875 0.134375
1 0.79765625 0.50859375 0.1703125 0.2171875
0 0.64375 0.553125 0.071875 0.1125
0 0.53828125 0.603125 0.0828125 0.140625
0 0.26875 0.721875 0.103125 0.159375
0 0.60625 0.7625 0.11875 0.175
0 0.79609375 0.79140625 0.1546875 0.2046875