1 0.340625 0.34609375 0.0375 0.0671875
0 0.37890625 0.38046875 0.0328125 0.0390625
0 0.54140625 0.38125 0.0359375 0.05
1 0.6078125 0.384375 0.04375 0.06875
0 0.3109375 0.3890625 0.034375 0.04375
1 0.25 0.39140625 0.053125 0.0703125
0 0.4890625 0.40546875 0.034375 0.0484375
0 0.57421875 0.41875 0.0421875 0.0625
1 0.1921875 0.41953125 0.06875 0.1015625
0 0.3640625 0.43125 0.05 0.05
0 0.6734375 0.45 0.053125 0.065625
0 0.51328125 0.48359375 0.0546875 0.0953125
0 0.34609375 0.4875 0.0546875 0.06875
1 0.63203125 0.496875 0.0703125 0.1125
1 0.20390625 0.51328125 0.0953125 0.1359375
0 0.5359375 0.55703125 0.06875 0.1015625
1 0.84140625 0.575 0.0359375 0.13125
1 0.0359375 0.59921875 0.071875 0.1609375
0 0.28984375 0.6609375 0.0859375 0.1125
1 0.79453125 0.68046875 0.2609375 0.4265625