0 0.5171875 0.34921875 0.028125 0.0359375
1 0.3140625 0.378125 0.046875 0.075
1 0.625 0.38046875 0.075 0.0984375
0 0.4890625 0.38515625 0.03125 0.0421875
0 0.2609375 0.384375 0.040625 0.059375
0 0.5484375 0.403125 0.0375 0.046875
0 0.5 0.425 0.04375 0.059375
0 0.19140625 0.4625 0.0546875 0.0625
0 0.3390625 0.475 0.059375 0.06875
0 0.5140625 0.49140625 0.053125 0.0796875
1 0.69453125 0.55625 0.1859375 0.290625
0 0.29609375 0.63125 0.0828125 0.10625
0 0.5609375 0.63203125 0.090625 0.1265625
0 0.659375 0.8890625 0.159375 0.221875