1 0.5921875 0.36171875 0.059375 0.0859375
1 0.31484375 0.365625 0.0453125 0.06875
1 0.54375 0.36640625 0.046875 0.0921875
0 0.48515625 0.38984375 0.0359375 0.0453125
0 0.24921875 0.396875 0.0390625 0.05
1 0.56953125 0.40625 0.0515625 0.1
0 0.496875 0.43515625 0.040625 0.0671875
1 0.66953125 0.45390625 0.1015625 0.0953125
0 0.53359375 0.4640625 0.0515625 0.05625
0 0.33671875 0.49296875 0.0515625 0.0640625
1 0.53515625 0.54375 0.0828125 0.146875
0 0.93671875 0.61328125 0.1046875 0.1140625
1 0.1109375 0.6515625 0.14375 0.20625
1 0.8765625 0.66796875 0.146875 0.1890625
1 0.75234375 0.6875 0.1546875 0.246875
0 0.6046875 0.72109375 0.121875 0.1828125