1 0.2328125 0.36796875 0.059375 0.0734375
1 0.296875 0.375 0.071875 0.109375
1 0.625 0.390625 0.075 0.090625
0 0.5484375 0.39140625 0.034375 0.0421875
0 0.49140625 0.409375 0.0359375 0.05
0 0.58046875 0.4328125 0.0421875 0.05625
1 0.23203125 0.44453125 0.1140625 0.1609375
1 0.1375 0.48046875 0.08125 0.0890625
0 0.61796875 0.484375 0.0578125 0.078125
0 0.3453125 0.496875 0.05625 0.075
0 0.5328125 0.55 0.065625 0.1
1 0.83671875 0.609375 0.1296875 0.178125
0 0.7 0.65625 0.09375 0.1125
0 0.5984375 0.7265625 0.109375 0.16875
1 0.88515625 0.85703125 0.2296875 0.2859375