0 0.3890625 0.35078125 0.025 0.0359375
1 0.54765625 0.3640625 0.0421875 0.09375
1 0.2546875 0.3734375 0.071875 0.0875
1 0.32578125 0.38046875 0.0390625 0.0640625
0 0.54921875 0.3875 0.0296875 0.040625
0 0.37421875 0.39609375 0.0328125 0.0421875
1 0.58671875 0.39765625 0.0640625 0.1078125
0 0.48984375 0.4125 0.0359375 0.04375
0 0.49140625 0.44375 0.0390625 0.065625
1 0.6140625 0.4453125 0.10625 0.16875
0 0.3546875 0.4484375 0.040625 0.05
1 0.7453125 0.46640625 0.128125 0.1796875
1 0.24140625 0.48046875 0.0890625 0.1390625
0 0.5203125 0.484375 0.040625 0.075
0 0.521875 0.521875 0.06875 0.10625
0 0.54296875 0.59765625 0.0671875 0.1203125
1 0.73515625 0.6125 0.1828125 0.271875
0 0.89765625 0.6125 0.0953125 0.115625
1 0.0734375 0.66953125 0.1375 0.1734375
0 0.58671875 0.73984375 0.1015625 0.1546875
1 0.88828125 0.8 0.2234375 0.4
0 0.6359375 0.92890625 0.140625 0.1421875