0 0.37578125 0.3765625 0.0359375 0.04375
1 0.63359375 0.38125 0.0765625 0.125
1 0.315625 0.384375 0.046875 0.05625
1 0.565625 0.38515625 0.075 0.1296875
1 0.20625 0.41484375 0.0875 0.1046875
1 0.5078125 0.41875 0.084375 0.1375
1 0.28359375 0.43046875 0.0640625 0.0890625
0 0.721875 0.43984375 0.053125 0.0578125
0 0.36171875 0.45 0.0484375 0.05625
1 0.21328125 0.4875 0.0953125 0.103125
0 0.7046875 0.4875 0.06875 0.103125
1 0.84375 0.5890625 0.11875 0.18125
1 0.1046875 0.6671875 0.15 0.225
0 0.27109375 0.715625 0.1140625 0.134375
0 0.62109375 0.86171875 0.1421875 0.1984375