1 0.39296875 0.3328125 0.0265625 0.03125
1 0.61640625 0.396875 0.0390625 0.065625
1 0.5703125 0.40234375 0.071875 0.1171875
0 0.365625 0.403125 0.040625 0.040625
1 0.215625 0.41953125 0.059375 0.0734375
1 0.6578125 0.43671875 0.05625 0.0734375
0 0.4984375 0.44375 0.040625 0.059375
0 0.71953125 0.5078125 0.0671875 0.08125
0 0.6203125 0.51328125 0.0625 0.0765625
0 0.5546875 0.57421875 0.075 0.0890625
1 0.834375 0.590625 0.125 0.184375
0 0.59765625 0.759375 0.1140625 0.15
0 0.81953125 0.80546875 0.1515625 0.1984375