0 0.36875 0.38515625 0.034375 0.0421875
0 0.478125 0.38515625 0.03125 0.0453125
1 0.5609375 0.390625 0.046875 0.08125
0 0.63125 0.42265625 0.046875 0.0578125
0 0.5109375 0.44140625 0.04375 0.0578125
0 0.5296875 0.51875 0.059375 0.084375
0 0.74296875 0.52578125 0.0703125 0.0765625
1 0.06875 0.5296875 0.1375 0.25
0 0.30625 0.54765625 0.06875 0.0828125
0 0.653125 0.5484375 0.071875 0.0875
0 0.72578125 0.65859375 0.0984375 0.1453125
0 0.571875 0.67109375 0.09375 0.1546875
1 0.925 0.67421875 0.15 0.2640625