0 0.34140625 0.30625 0.0265625 0.034375
0 0.37578125 0.30859375 0.0234375 0.0328125
0 0.4 0.321875 0.025 0.040625
1 0.534375 0.359375 0.0625 0.0875
0 0.4734375 0.3640625 0.028125 0.03125
0 0.30859375 0.3890625 0.0359375 0.04375
1 0.6625 0.3875 0.1 0.1125
0 0.3640625 0.38828125 0.040625 0.0390625
0 0.48125 0.39375 0.0375 0.04375
0 0.490625 0.4359375 0.05 0.0625
1 0.58515625 0.43515625 0.0828125 0.1578125
0 0.509375 0.453125 0.04375 0.0375
0 0.34296875 0.48984375 0.0546875 0.0703125
0 0.71640625 0.490625 0.0359375 0.065625
0 0.21484375 0.49921875 0.0609375 0.0734375
1 0.65546875 0.5 0.1234375 0.228125
0 0.51484375 0.50625 0.0640625 0.0875
0 0.7609375 0.52578125 0.065625 0.0734375
0 0.79453125 0.55625 0.0671875 0.059375
0 0.5515625 0.57265625 0.096875 0.1203125
0 0.69375 0.615625 0.0875 0.1375
0 0.559375 0.65625 0.096875 0.11875
0 0.9359375 0.7125 0.1 0.15625
1 0.85078125 0.7515625 0.2390625 0.36875
0 0.58046875 0.75625 0.1171875 0.171875
0 0.63359375 0.87890625 0.1421875 0.2296875