1 0.3015625 0.334375 0.040625 0.05625
1 0.334375 0.340625 0.046875 0.0625
1 0.54140625 0.35625 0.0546875 0.1
0 0.38125 0.36953125 0.03125 0.0390625
0 0.33828125 0.38125 0.0359375 0.040625
0 0.48125 0.3875 0.034375 0.040625
1 0.6203125 0.390625 0.053125 0.078125
1 0.19453125 0.43515625 0.0703125 0.0921875
0 0.36171875 0.4375 0.0453125 0.053125
0 0.49453125 0.43828125 0.0453125 0.0609375
0 0.51875 0.49140625 0.05625 0.0703125
0 0.253125 0.49609375 0.059375 0.0671875
0 0.33671875 0.50078125 0.0546875 0.0765625
0 0.5796875 0.62265625 0.09375 0.1203125