1 0.2828125 0.37109375 0.06875 0.0828125
0 0.5703125 0.403125 0.040625 0.03125
0 0.57265625 0.403125 0.0421875 0.015625
1 0.640625 0.40390625 0.065625 0.1078125
0 0.56796875 0.41171875 0.0234375 0.0234375
0 0.50078125 0.43359375 0.0453125 0.0546875
1 0.6890625 0.440625 0.09375 0.13125
1 0.34921875 0.44453125 0.0671875 0.1234375
0 0.59375 0.44609375 0.04375 0.0546875
0 0.50703125 0.4625 0.0515625 0.05625
1 0.2609375 0.46640625 0.05625 0.0921875
1 0.62734375 0.50546875 0.0765625 0.1265625
1 0.51640625 0.5296875 0.0703125 0.125
1 0.8 0.53125 0.096875 0.0875
1 0.66953125 0.55546875 0.1046875 0.1890625
0 0.5421875 0.61640625 0.08125 0.1296875
1 0.7359375 0.634375 0.0625 0.153125
0 0.58203125 0.76484375 0.1140625 0.1921875
0 0.63359375 0.934375 0.1453125 0.13125