1 0.58984375 0.3375 0.0578125 0.0875
1 0.53359375 0.35 0.0546875 0.109375
1 0.29453125 0.35390625 0.0421875 0.0578125
1 0.48359375 0.3625 0.0546875 0.096875
0 0.3796875 0.36875 0.03125 0.040625
0 0.49453125 0.421875 0.0484375 0.05625
0 0.28828125 0.428125 0.0359375 0.059375
0 0.36328125 0.434375 0.0390625 0.05625
1 0.61171875 0.45703125 0.1140625 0.1890625
1 0.25859375 0.459375 0.0546875 0.0875
1 0.17109375 0.465625 0.0859375 0.10625
1 0.73828125 0.48203125 0.1359375 0.1765625
0 0.30859375 0.57890625 0.0890625 0.0921875
1 0.94296875 0.690625 0.1140625 0.259375
0 0.5875 0.696875 0.096875 0.165625
0 0.82109375 0.78046875 0.1453125 0.2015625