1 0.4640625 0.33671875 0.04375 0.0640625
1 0.52578125 0.3375 0.0515625 0.08125
0 0.46953125 0.359375 0.0265625 0.03125
1 0.6265625 0.3875 0.05625 0.0875
1 0.56484375 0.38984375 0.0671875 0.1078125
0 0.3109375 0.39140625 0.0375 0.0453125
0 0.48046875 0.3953125 0.0328125 0.04375
0 0.65234375 0.43671875 0.0453125 0.0609375
0 0.49765625 0.43828125 0.0421875 0.0640625
0 0.3546875 0.440625 0.053125 0.06875
1 0.2328125 0.47265625 0.071875 0.1046875
0 0.51640625 0.49140625 0.0421875 0.0703125
1 0.78671875 0.50390625 0.1703125 0.2171875
0 0.6328125 0.52578125 0.06875 0.0890625
1 0.08671875 0.55078125 0.1265625 0.1484375
0 0.53203125 0.5703125 0.0734375 0.11875
0 0.5828125 0.7203125 0.11875 0.15625
0 0.75546875 0.73046875 0.1359375 0.1640625
0 0.21484375 0.896875 0.1453125 0.20625