1 0.26796875 0.3578125 0.0515625 0.06875
0 0.38125 0.36484375 0.040625 0.0421875
0 0.33203125 0.3875 0.0578125 0.0625
0 0.5734375 0.41875 0.05625 0.05625
1 0.6765625 0.41875 0.103125 0.125
0 0.60078125 0.45078125 0.0546875 0.0734375
0 0.5140625 0.49609375 0.065625 0.0828125
1 0.234375 0.5 0.1375 0.15625
0 0.61484375 0.49921875 0.0578125 0.0765625
0 0.71796875 0.5 0.0671875 0.103125
0 0.3359375 0.50625 0.090625 0.109375
0 0.53203125 0.54375 0.0734375 0.096875
0 0.775 0.55234375 0.059375 0.0828125
1 0.66015625 0.559375 0.0921875 0.175
0 0.59296875 0.62109375 0.0921875 0.1453125
0 0.303125 0.621875 0.109375 0.14375
1 0.90078125 0.63671875 0.1984375 0.4359375
1 0.54375 0.67578125 0.115625 0.2140625
1 0.78203125 0.67890625 0.1921875 0.3328125