1 0.31484375 0.37421875 0.0640625 0.0890625
0 0.38515625 0.38203125 0.0359375 0.0484375
0 0.478125 0.384375 0.040625 0.046875
1 0.56171875 0.39296875 0.0828125 0.1265625
1 0.66171875 0.40625 0.0921875 0.1125
0 0.3625 0.4359375 0.05 0.0625
1 0.24140625 0.43671875 0.0640625 0.0984375
0 0.50703125 0.47421875 0.0546875 0.0890625
0 0.6375 0.52578125 0.0625 0.1109375
0 0.31953125 0.54765625 0.0671875 0.0828125
1 0.77734375 0.646875 0.2515625 0.3375
0 0.12421875 0.64609375 0.1140625 0.1171875
0 0.6109375 0.67734375 0.109375 0.1578125
0 0.9515625 0.72890625 0.096875 0.1421875