1 0.403125 0.24921875 0.015625 0.0234375
1 0.41328125 0.278125 0.0171875 0.034375
1 0.35 0.28046875 0.01875 0.0265625
1 0.38515625 0.28671875 0.0234375 0.0484375
1 0.36171875 0.3046875 0.0234375 0.0375
1 0.50390625 0.30390625 0.0328125 0.0671875
1 0.39296875 0.325 0.0296875 0.053125
0 0.471875 0.33046875 0.01875 0.0234375
1 0.58515625 0.334375 0.0390625 0.071875
0 0.48046875 0.33828125 0.0015625 0.0015625
0 0.4734375 0.35 0.025 0.01875
1 0.528125 0.35234375 0.034375 0.0828125
1 0.3421875 0.353125 0.03125 0.046875
0 0.478125 0.3625 0.028125 0.021875
0 0.478125 0.38203125 0.021875 0.0265625
1 0.61875 0.38203125 0.040625 0.0734375
0 0.48828125 0.39140625 0.0015625 0.0046875
1 0.56015625 0.396875 0.0453125 0.075
0 0.4828125 0.4125 0.025 0.025
1 0.66640625 0.41875 0.0515625 0.090625
0 0.49140625 0.421875 0.0234375 0.021875
0 0.50703125 0.421875 0.0015625 0.003125
0 0.58046875 0.434375 0.0265625 0.0375
0 0.503125 0.446875 0.040625 0.034375
0 0.60234375 0.45625 0.0359375 0.040625
0 0.1734375 0.46640625 0.059375 0.0671875
0 0.51328125 0.475 0.0421875 0.046875
1 0.7390625 0.478125 0.08125 0.140625
1 0.61328125 0.5046875 0.0421875 0.1125
0 0.52421875 0.51015625 0.0515625 0.0421875
0 0.3125 0.53359375 0.078125 0.0921875
1 0.67578125 0.565625 0.0890625 0.165625
0 0.52734375 0.58515625 0.0703125 0.1171875
1 0.7375 0.65 0.04375 0.140625
0 0.11328125 0.70078125 0.1234375 0.1609375
0 0.5703125 0.703125 0.090625 0.11875
1 0.85234375 0.71484375 0.1609375 0.3171875
0 0.2734375 0.78203125 0.121875 0.1984375
0 0.61171875 0.840625 0.1234375 0.15
1 0.92421875 0.84453125 0.1515625 0.3109375
0 0.64453125 0.9515625 0.1328125 0.096875