1 0.35234375 0.2953125 0.0203125 0.03125
0 0.378125 0.30078125 0.021875 0.0359375
0 0.4015625 0.30078125 0.025 0.0359375
1 0.56875 0.32109375 0.05625 0.0546875
1 0.54140625 0.35546875 0.0515625 0.0859375
1 0.3328125 0.3578125 0.03125 0.05625
0 0.4765625 0.365625 0.034375 0.028125
0 0.54375 0.38046875 0.03125 0.0515625
0 0.48359375 0.384375 0.0359375 0.021875
0 0.49296875 0.396875 0.0390625 0.028125
0 0.37578125 0.40703125 0.0484375 0.0765625
1 0.19296875 0.425 0.0984375 0.121875
1 0.60234375 0.43359375 0.1109375 0.1796875
0 0.4921875 0.440625 0.05 0.075
1 0.7109375 0.45 0.11875 0.1875
1 0.27890625 0.4515625 0.0609375 0.09375
0 0.5171875 0.46328125 0.05625 0.0609375
0 0.525 0.50703125 0.075 0.0859375
0 0.3359375 0.5203125 0.078125 0.09375
1 0.69921875 0.55546875 0.1640625 0.2359375
0 0.54375 0.5890625 0.096875 0.13125
0 0.2921875 0.675 0.096875 0.121875
0 0.58515625 0.7109375 0.1265625 0.1375
1 0.85390625 0.75390625 0.2921875 0.4921875
1 0.0796875 0.77265625 0.159375 0.3828125
0 0.6234375 0.8859375 0.175 0.228125