0 0.46171875 0.309375 0.0203125 0.025
0 0.39609375 0.325 0.0140625 0.034375
0 0.5125 0.32578125 0.021875 0.0515625
1 0.559375 0.334375 0.0375 0.05625
0 0.35078125 0.34609375 0.0171875 0.0296875
0 0.46796875 0.34765625 0.0171875 0.0296875
0 0.38671875 0.35625 0.0140625 0.028125
0 0.478125 0.365625 0.0375 0.0375
0 0.5296875 0.365625 0.025 0.034375
1 0.36328125 0.39296875 0.0328125 0.0609375
1 0.28125 0.39453125 0.046875 0.1359375
1 0.675 0.41875 0.05625 0.134375
0 0.496875 0.440625 0.028125 0.06875
1 0.6359375 0.4640625 0.109375 0.19375
0 0.353125 0.47265625 0.059375 0.0703125
1 0.0828125 0.51328125 0.059375 0.1484375
0 0.82578125 0.52734375 0.0515625 0.0921875
1 0.18515625 0.55625 0.1140625 0.209375
0 0.5625 0.596875 0.04375 0.1
0 0.29765625 0.63125 0.1078125 0.15
1 0.92734375 0.65703125 0.1453125 0.2140625
0 0.1984375 0.784375 0.003125 0.01875