1 0.39296875 0.3328125 0.0265625 0.03125
0 0.3703125 0.390625 0.040625 0.040625
1 0.61640625 0.396875 0.0390625 0.065625
1 0.5703125 0.40234375 0.071875 0.1171875
1 0.2296875 0.41171875 0.059375 0.0734375
1 0.6578125 0.43671875 0.05625 0.0734375
0 0.4984375 0.44375 0.040625 0.059375
0 0.72421875 0.5140625 0.0671875 0.08125
0 0.62734375 0.51875 0.0671875 0.0875
0 0.5609375 0.58984375 0.075 0.1046875
1 0.8453125 0.5953125 0.128125 0.19375
0 0.60390625 0.7875 0.1140625 0.165625
0 0.84296875 0.8375 0.1671875 0.225