1 0.51875 0.33359375 0.053125 0.0796875
1 0.5421875 0.36875 0.053125 0.09375
1 0.6625 0.3875 0.1 0.1125
0 0.48125 0.39375 0.0375 0.04375
1 0.58359375 0.42734375 0.0828125 0.1453125
0 0.490625 0.4359375 0.05 0.0625
0 0.27734375 0.43828125 0.0484375 0.0515625
0 0.509375 0.453125 0.04375 0.0375
0 0.3390625 0.48125 0.053125 0.0625
0 0.71640625 0.490625 0.0359375 0.065625
1 0.65546875 0.5 0.1234375 0.228125
0 0.51484375 0.50625 0.0640625 0.0875
0 0.7609375 0.52578125 0.065625 0.0734375
0 0.5515625 0.57265625 0.096875 0.1203125
0 0.79765625 0.578125 0.0703125 0.096875
0 0.88515625 0.64453125 0.1171875 0.1515625
0 0.72890625 0.66875 0.1046875 0.15
0 0.5765625 0.709375 0.10625 0.15
0 0.26015625 0.74296875 0.1203125 0.1640625
0 0.95703125 0.765625 0.0859375 0.140625
0 0.64921875 0.921875 0.1671875 0.15625