0 0.3953125 0.32890625 0.028125 0.0453125
0 0.3765625 0.384375 0.05 0.05
1 0.30546875 0.39453125 0.0734375 0.1015625
0 0.36640625 0.42890625 0.0546875 0.0671875
1 0.70078125 0.453125 0.1296875 0.16875
0 0.60234375 0.46484375 0.0640625 0.0828125
1 0.7765625 0.48203125 0.05625 0.0859375
0 0.28671875 0.50703125 0.1078125 0.1015625
0 0.5171875 0.51171875 0.065625 0.0890625
0 0.6515625 0.553125 0.06875 0.10625
0 0.5421875 0.55703125 0.084375 0.0890625
0 0.81796875 0.6125 0.0984375 0.125
1 0.72109375 0.6453125 0.1328125 0.21875
1 0.9328125 0.64453125 0.134375 0.3609375
0 0.6078125 0.66328125 0.09375 0.1390625
0 0.265625 0.6921875 0.1375 0.1625
1 0.56328125 0.7640625 0.1203125 0.23125
1 0.88671875 0.815625 0.2265625 0.36875