1 0.52578125 0.30078125 0.0265625 0.0359375
1 0.3640625 0.31015625 0.021875 0.0421875
0 0.4 0.325 0.01875 0.015625
0 0.31875 0.328125 0.021875 0.021875
0 0.5 0.334375 0.01875 0.021875
0 0.475 0.346875 0.021875 0.034375
0 0.38671875 0.34765625 0.0296875 0.0296875
0 0.3078125 0.35625 0.021875 0.025
0 0.5515625 0.39609375 0.034375 0.0453125
0 0.48671875 0.40546875 0.0265625 0.0390625
0 0.31171875 0.4125 0.0359375 0.059375
0 0.52109375 0.47265625 0.0234375 0.0578125
0 0.61796875 0.47421875 0.0484375 0.0640625
0 0.72734375 0.50546875 0.0390625 0.0515625
0 0.575 0.7125 0.075 0.134375
1 0.90546875 0.85390625 0.1890625 0.2671875