0 0.403125 0.3125 0.01875 0.028125
0 0.49921875 0.325 0.0171875 0.028125
0 0.4671875 0.3265625 0.021875 0.01875
1 0.33828125 0.34375 0.0453125 0.075
0 0.29609375 0.346875 0.0234375 0.053125
0 0.38984375 0.353125 0.0234375 0.040625
0 0.5171875 0.35625 0.009375 0.04375
0 0.47109375 0.3671875 0.0328125 0.0375
1 0.565625 0.37109375 0.0625 0.0953125
0 0.38125 0.375 0.028125 0.03125
0 0.2625 0.375 0.03125 0.053125
0 0.49453125 0.40703125 0.0359375 0.0609375
0 0.21484375 0.4125 0.0265625 0.065625
0 0.375 0.415625 0.028125 0.059375
1 0.26328125 0.44296875 0.0703125 0.1515625
1 0.1453125 0.44375 0.1 0.203125
1 0.6125 0.45546875 0.1125 0.1609375
0 0.346875 0.46640625 0.0375 0.0703125
0 0.52890625 0.546875 0.0609375 0.1
1 0.796875 0.59765625 0.13125 0.2046875
0 0.1625 0.96875 0.165625 0.0625