1 0.353125 0.3171875 0.0375 0.0625
1 0.5046875 0.321875 0.0375 0.0625
0 0.39453125 0.33125 0.0203125 0.034375
1 0.29140625 0.3328125 0.0578125 0.05625
0 0.38046875 0.35625 0.0265625 0.03125
1 0.32109375 0.3640625 0.0640625 0.08125
1 0.54296875 0.36328125 0.0390625 0.0765625
0 0.47890625 0.36875 0.0328125 0.046875
1 0.2453125 0.37890625 0.040625 0.0703125
1 0.6140625 0.39296875 0.05 0.0765625
1 0.3625 0.4109375 0.04375 0.0625
0 0.21640625 0.51796875 0.0703125 0.0859375
0 0.325 0.54140625 0.059375 0.0703125
0 0.58359375 0.61328125 0.0734375 0.1234375
0 0.709375 0.61640625 0.090625 0.1046875
0 0.04609375 0.89609375 0.0921875 0.1921875