1 0.546875 0.365625 0.0625 0.090625
0 0.48046875 0.3953125 0.0328125 0.04375
0 0.48828125 0.4078125 0.0328125 0.03125
0 0.553125 0.4140625 0.040625 0.04375
0 0.49765625 0.434375 0.0515625 0.05625
0 0.56484375 0.44375 0.0359375 0.059375
0 0.50859375 0.47890625 0.0515625 0.0828125
1 0.65390625 0.51875 0.1453125 0.25
0 0.73203125 0.521875 0.0546875 0.084375
0 0.29375 0.56796875 0.06875 0.0890625
0 0.53828125 0.56953125 0.0765625 0.0984375
0 0.578125 0.70625 0.103125 0.125
1 0.8796875 0.771875 0.240625 0.45625