0 0.3125 0.32578125 0.0375 0.0484375
1 0.59765625 0.34375 0.0515625 0.1
1 0.540625 0.35703125 0.059375 0.1109375
1 0.48671875 0.365625 0.0546875 0.096875
0 0.38203125 0.371875 0.0328125 0.046875
0 0.64453125 0.37578125 0.0359375 0.0359375
0 0.24609375 0.3875 0.0515625 0.084375
0 0.3015625 0.3953125 0.040625 0.08125
0 0.359375 0.42578125 0.053125 0.0609375
0 0.51015625 0.47109375 0.0484375 0.0796875
1 0.65390625 0.51484375 0.1390625 0.2421875
1 0.8078125 0.53125 0.159375 0.23125
0 0.2359375 0.87421875 0.1375 0.1734375