0 0.3984375 0.33125 0.01875 0.028125
0 0.46953125 0.3375 0.0234375 0.028125
1 0.525 0.3421875 0.046875 0.05
1 0.3390625 0.34375 0.05 0.065625
1 0.59765625 0.35703125 0.0703125 0.0734375
0 0.4984375 0.384375 0.04375 0.040625
0 0.4953125 0.43125 0.03125 0.05625
0 0.35234375 0.45625 0.0578125 0.071875
0 0.5984375 0.45703125 0.04375 0.0640625
1 0.7734375 0.50546875 0.16875 0.2015625
0 0.62890625 0.515625 0.0578125 0.078125
1 0.5765625 0.61953125 0.084375 0.1390625
1 0.96328125 0.67578125 0.0734375 0.1984375
0 0.265625 0.7328125 0.096875 0.11875
0 0.93984375 0.9578125 0.1203125 0.084375