1 0.25390625 0.3734375 0.0421875 0.0625
0 0.47890625 0.37265625 0.0328125 0.0453125
0 0.60390625 0.3875 0.0359375 0.046875
0 0.38203125 0.39375 0.0359375 0.046875
0 0.55546875 0.39453125 0.0328125 0.0515625
1 0.2203125 0.40546875 0.05625 0.0765625
0 0.653125 0.43125 0.053125 0.059375
1 0.2390625 0.478125 0.075 0.13125
0 0.50859375 0.47890625 0.0515625 0.0796875
0 0.11875 0.51171875 0.06875 0.0890625
0 0.33828125 0.515625 0.0609375 0.071875
0 0.63203125 0.540625 0.0640625 0.084375
1 0.784375 0.54375 0.16875 0.178125
1 0.17265625 0.5609375 0.1078125 0.175
0 0.54453125 0.578125 0.0734375 0.1
0 0.28359375 0.675 0.0890625 0.109375
0 0.75234375 0.68125 0.1015625 0.115625
0 0.2 0.9046875 0.159375 0.190625
0 0.92578125 0.90703125 0.1484375 0.1859375