1 0.28984375 0.34453125 0.0421875 0.0609375
0 0.375 0.3703125 0.034375 0.04375
1 0.54765625 0.37890625 0.0671875 0.1046875
0 0.59921875 0.38359375 0.0390625 0.0546875
1 0.62890625 0.4109375 0.0484375 0.0625
0 0.490625 0.41171875 0.0375 0.0484375
0 0.58828125 0.46171875 0.0578125 0.0734375
0 0.67890625 0.46875 0.0609375 0.071875
0 0.5265625 0.49765625 0.059375 0.0828125
1 0.10546875 0.51640625 0.0984375 0.1171875
1 0.759375 0.52421875 0.103125 0.1484375
0 0.3140625 0.5546875 0.06875 0.0875
0 0.70390625 0.62265625 0.1078125 0.1328125
0 0.55625 0.628125 0.08125 0.10625