0 0.29296875 0.35234375 0.0328125 0.0421875
1 0.62734375 0.35625 0.0734375 0.0625
0 0.37109375 0.36484375 0.0328125 0.0421875
1 0.5390625 0.36796875 0.0625 0.1015625
0 0.484375 0.40859375 0.040625 0.0546875
0 0.56484375 0.425 0.0265625 0.059375
1 0.6953125 0.44375 0.06875 0.115625
1 0.625 0.46875 0.121875 0.18125
0 0.35 0.46875 0.0625 0.071875
0 0.5125 0.478125 0.0625 0.0875
1 0.22265625 0.48359375 0.1140625 0.1671875
1 0.13984375 0.48671875 0.0828125 0.1140625
0 0.7546875 0.53828125 0.078125 0.0890625
0 0.54609375 0.5859375 0.0859375 0.125
0 0.29765625 0.64375 0.0953125 0.115625
1 0.05703125 0.73671875 0.1140625 0.2484375
0 0.62109375 0.80703125 0.1265625 0.1984375