1 0.37734375 0.296875 0.0359375 0.05625
1 0.3921875 0.340625 0.0375 0.0375
1 0.32109375 0.34375 0.0328125 0.046875
1 0.23984375 0.378125 0.0734375 0.075
0 0.31484375 0.3828125 0.0328125 0.04375
0 0.38203125 0.384375 0.0359375 0.053125
1 0.24921875 0.46953125 0.1234375 0.1515625
0 0.3453125 0.484375 0.059375 0.075
1 0.778125 0.503125 0.121875 0.15
0 0.84765625 0.5109375 0.0359375 0.0625
1 0.659375 0.55 0.09375 0.190625
0 0.5203125 0.565625 0.06875 0.115625
1 0.94375 0.5828125 0.1125 0.16875
0 0.55078125 0.61953125 0.0734375 0.1109375
1 0.74375 0.63359375 0.075 0.1421875
0 0.56640625 0.7265625 0.1046875 0.18125
1 0.8765625 0.76875 0.246875 0.4625
1 0.0265625 0.82265625 0.053125 0.3546875
0 0.72421875 0.875 0.1390625 0.23125
0 0.16875 0.9328125 0.2 0.134375
0 0.62734375 0.9734375 0.1046875 0.053125