1 0.378125 0.375 0.034375 0.040625
1 0.3203125 0.37734375 0.0375 0.0453125
1 0.27421875 0.38671875 0.0390625 0.0484375
1 0.49453125 0.39609375 0.0359375 0.0453125
0 0.50078125 0.44296875 0.0421875 0.0609375
0 0.6609375 0.45 0.05 0.05625
0 0.60390625 0.46796875 0.0546875 0.0734375
1 0.74765625 0.50390625 0.0953125 0.1578125
0 0.52421875 0.5125 0.0578125 0.090625
0 0.6375 0.52421875 0.06875 0.1015625
0 0.309375 0.5796875 0.075 0.1125
1 0.7109375 0.61015625 0.125 0.2046875
1 0.86875 0.64765625 0.13125 0.1421875
0 0.6125 0.759375 0.11875 0.190625