0 0.31171875 0.32578125 0.0265625 0.0359375
0 0.39296875 0.33046875 0.0265625 0.0265625
1 0.34921875 0.334375 0.0296875 0.046875
1 0.621875 0.36640625 0.071875 0.1171875
1 0.559375 0.375 0.06875 0.11875
1 0.50234375 0.40234375 0.0671875 0.1203125
0 0.68359375 0.403125 0.0453125 0.05
0 0.36640625 0.41328125 0.0421875 0.0484375
1 0.28984375 0.425 0.0640625 0.065625
1 0.16875 0.45546875 0.10625 0.1359375
0 0.68515625 0.46875 0.0578125 0.0875
1 0.240625 0.49921875 0.084375 0.1140625
1 0.78359375 0.515625 0.0921875 0.096875
0 0.34140625 0.53828125 0.0609375 0.0640625
1 0.11640625 0.6015625 0.1515625 0.15625
0 0.57578125 0.68984375 0.0984375 0.1328125
1 0.85703125 0.78125 0.2859375 0.4375