1 0.27421875 0.35859375 0.0546875 0.0671875
0 0.3875 0.35859375 0.034375 0.0546875
0 0.33828125 0.375 0.0421875 0.05625
1 0.6890625 0.440625 0.121875 0.1625
0 0.60078125 0.453125 0.0578125 0.075
1 0.24453125 0.475 0.1171875 0.153125
0 0.3453125 0.48671875 0.06875 0.0859375
0 0.515625 0.5 0.0625 0.08125
0 0.72265625 0.51015625 0.0734375 0.0953125
0 0.615625 0.5125 0.065625 0.1
0 0.5375 0.54765625 0.075 0.1078125
0 0.32265625 0.5625 0.0953125 0.109375
0 0.78125 0.571875 0.1 0.0875
1 0.66484375 0.57890625 0.1015625 0.1828125
0 0.59453125 0.6375 0.1015625 0.134375
1 0.90625 0.64140625 0.1875 0.4203125
1 0.5484375 0.69140625 0.109375 0.2171875
1 0.79921875 0.73125 0.1921875 0.35
0 0.040625 0.9234375 0.08125 0.153125