1 0.58984375 0.3375 0.0578125 0.0875
1 0.53359375 0.35 0.0546875 0.109375
1 0.29296875 0.35390625 0.0421875 0.0578125
1 0.48359375 0.3625 0.0546875 0.096875
0 0.3796875 0.36875 0.03125 0.040625
0 0.49453125 0.421875 0.0484375 0.05625
0 0.28359375 0.43046875 0.0359375 0.0609375
0 0.36015625 0.44609375 0.0390625 0.0703125
1 0.60859375 0.45078125 0.1078125 0.1765625
1 0.25078125 0.46484375 0.0703125 0.0953125
1 0.72734375 0.4734375 0.1265625 0.1875
1 0.15703125 0.478125 0.0859375 0.10625
0 0.296875 0.61484375 0.09375 0.1078125
0 0.57265625 0.6671875 0.1015625 0.1375
1 0.9328125 0.67734375 0.134375 0.2578125
0 0.80390625 0.74375 0.1328125 0.190625