0 0.38515625 0.35390625 0.0328125 0.0328125
0 0.53671875 0.375 0.0328125 0.040625
1 0.6015625 0.378125 0.04375 0.06875
0 0.37578125 0.38671875 0.0328125 0.0390625
0 0.48515625 0.38984375 0.0328125 0.0453125
0 0.303125 0.40625 0.0375 0.05
0 0.5671875 0.40859375 0.040625 0.0578125
1 0.2328125 0.409375 0.0625 0.078125
0 0.65859375 0.434375 0.0453125 0.046875
1 0.1734375 0.43671875 0.075 0.1109375
0 0.359375 0.453125 0.05 0.05
0 0.5078125 0.45703125 0.046875 0.0734375
1 0.61875 0.47421875 0.0625 0.1015625
0 0.33671875 0.51796875 0.0609375 0.0765625
0 0.5265625 0.52890625 0.059375 0.0828125
1 0.8046875 0.54375 0.05 0.14375
1 0.17890625 0.54765625 0.1078125 0.1578125
1 0.7546875 0.63046875 0.23125 0.3609375
1 0.9375 0.6890625 0.125 0.23125
0 0.2625 0.7375 0.103125 0.1375
1 0.6359375 0.746875 0.234375 0.440625