0 0.37265625 0.31484375 0.0296875 0.0421875
0 0.38515625 0.33046875 0.0328125 0.0359375
0 0.478125 0.365625 0.0375 0.028125
0 0.32734375 0.36953125 0.0453125 0.0984375
0 0.48046875 0.38828125 0.0390625 0.0359375
0 0.490625 0.39765625 0.053125 0.0296875
1 0.58515625 0.40390625 0.1078125 0.1328125
0 0.49453125 0.4265625 0.0453125 0.05625
1 0.2921875 0.44140625 0.1 0.1171875
0 0.5171875 0.44765625 0.065625 0.0453125
0 0.51875 0.48984375 0.06875 0.0671875
1 0.65859375 0.503125 0.1484375 0.184375
1 0.54453125 0.5640625 0.1015625 0.10625
1 0.06796875 0.56640625 0.1359375 0.2203125
0 0.31015625 0.646875 0.1203125 0.134375
0 0.57109375 0.678125 0.1359375 0.125
1 0.83515625 0.734375 0.3265625 0.525
1 0.084375 0.80625 0.16875 0.346875
0 0.59921875 0.834375 0.1546875 0.2125
0 0.66484375 0.9375 0.1609375 0.125