1 0.35 0.28984375 0.028125 0.0453125
0 0.4078125 0.2953125 0.021875 0.03125
0 0.375 0.3046875 0.03125 0.05
1 0.58046875 0.31640625 0.0578125 0.0671875
0 0.3953125 0.33125 0.03125 0.040625
1 0.5265625 0.34765625 0.053125 0.0671875
0 0.4796875 0.3625 0.034375 0.03125
0 0.48125 0.3796875 0.034375 0.0375
0 0.48671875 0.41015625 0.0421875 0.0578125
1 0.6 0.43125 0.11875 0.20625
0 0.66015625 0.44765625 0.0484375 0.0703125
0 0.325 0.484375 0.065625 0.084375
1 0.74609375 0.484375 0.1453125 0.203125
0 0.5171875 0.50703125 0.059375 0.0859375
1 0.0828125 0.5171875 0.1125 0.15
0 0.1609375 0.63046875 0.1125 0.1484375
0 0.56640625 0.65703125 0.1046875 0.1484375
1 0.9125 0.67265625 0.175 0.2546875
0 0.66796875 0.9171875 0.1765625 0.165625