0 0.384375 0.35390625 0.03125 0.0421875
1 0.6265625 0.37265625 0.071875 0.1296875
1 0.55390625 0.3859375 0.0484375 0.0875
0 0.3609375 0.38984375 0.0375 0.0421875
1 0.24140625 0.39296875 0.0484375 0.0734375
0 0.48984375 0.425 0.0421875 0.06875
0 0.5703125 0.425 0.03125 0.053125
1 0.66328125 0.425 0.0734375 0.115625
0 0.26796875 0.4484375 0.1078125 0.15
0 0.59453125 0.45234375 0.0453125 0.0703125
0 0.50078125 0.459375 0.0453125 0.065625
0 0.51484375 0.48984375 0.0578125 0.0796875
1 0.62421875 0.50859375 0.0609375 0.1296875
1 0.7703125 0.509375 0.103125 0.165625
0 0.53125 0.5296875 0.059375 0.075
0 0.33984375 0.53359375 0.0640625 0.0828125
1 0.66640625 0.546875 0.1078125 0.203125
0 0.56015625 0.575 0.0671875 0.103125
1 0.5328125 0.625 0.078125 0.153125
0 0.2265625 0.63359375 0.0875 0.1078125
1 0.75546875 0.65234375 0.0828125 0.1546875
1 0.85546875 0.73359375 0.2203125 0.3921875
0 0.57734375 0.740625 0.1109375 0.178125
0 0.61328125 0.853125 0.1328125 0.2
0 0.63984375 0.95 0.1546875 0.1