1 0.40234375 0.25390625 0.0171875 0.0328125
0 0.36328125 0.27265625 0.0171875 0.0296875
1 0.38046875 0.28125 0.0171875 0.040625
1 0.40078125 0.28515625 0.0234375 0.0453125
1 0.33359375 0.2984375 0.0265625 0.05
1 0.50078125 0.303125 0.0328125 0.075
1 0.54140625 0.30625 0.0328125 0.034375
0 0.46640625 0.31875 0.0203125 0.025
0 0.39765625 0.31953125 0.0265625 0.0359375
1 0.3625 0.321875 0.034375 0.05625
1 0.57578125 0.328125 0.0515625 0.075
0 0.47109375 0.3375 0.0265625 0.034375
1 0.53046875 0.365625 0.0453125 0.090625
0 0.4734375 0.37734375 0.025 0.0328125
1 0.60078125 0.38125 0.0359375 0.059375
1 0.265625 0.3875 0.059375 0.103125
0 0.4828125 0.38984375 0.025 0.0296875
1 0.55390625 0.396875 0.0421875 0.090625
1 0.63515625 0.40703125 0.0453125 0.0890625
0 0.49453125 0.4125 0.0296875 0.034375
0 0.503125 0.428125 0.0375 0.0375
1 0.6921875 0.434375 0.078125 0.09375
0 0.57265625 0.43671875 0.0296875 0.0609375
0 0.59296875 0.4546875 0.0265625 0.0625
1 0.33515625 0.46484375 0.0921875 0.1578125
0 0.4921875 0.478125 0.040625 0.04375
1 0.23984375 0.5 0.0734375 0.109375
1 0.6234375 0.5125 0.046875 0.1375
0 0.5203125 0.53359375 0.059375 0.0953125
1 0.7921875 0.540625 0.1 0.090625
1 0.68984375 0.575 0.0953125 0.1875
0 0.53203125 0.60546875 0.0765625 0.1015625
1 0.73515625 0.63515625 0.0390625 0.1453125
1 0.9421875 0.64375 0.115625 0.178125
1 0.84609375 0.72265625 0.1921875 0.2953125
0 0.58359375 0.73203125 0.0953125 0.1359375
1 0.92578125 0.84375 0.1484375 0.3125
0 0.63125 0.9390625 0.134375 0.121875