1 0.58984375 0.3375 0.0578125 0.0875
1 0.29921875 0.34375 0.0421875 0.053125
1 0.53359375 0.35 0.0546875 0.109375
0 0.38671875 0.359375 0.0296875 0.0375
1 0.48359375 0.3625 0.0546875 0.096875
0 0.29453125 0.403125 0.0359375 0.059375
0 0.36640625 0.425 0.0390625 0.05625
0 0.4953125 0.43359375 0.05 0.0671875
1 0.27265625 0.4375 0.0546875 0.0875
1 0.19609375 0.4421875 0.0734375 0.1
1 0.621875 0.46484375 0.13125 0.1953125
1 0.74921875 0.49296875 0.1359375 0.1765625
0 0.328125 0.53203125 0.071875 0.0890625
1 0.95703125 0.728125 0.0859375 0.278125
0 0.60390625 0.74921875 0.1140625 0.1765625
0 0.86640625 0.840625 0.1578125 0.24375