0 0.40234375 0.3078125 0.0203125 0.03125
1 0.34765625 0.31875 0.0359375 0.059375
0 0.39765625 0.32265625 0.0234375 0.0328125
0 0.47578125 0.34453125 0.0328125 0.0515625
0 0.39296875 0.353125 0.0390625 0.034375
1 0.32890625 0.353125 0.0390625 0.06875
0 0.36875 0.3875 0.0375 0.04375
0 0.5484375 0.41875 0.05 0.071875
1 0.1703125 0.43359375 0.109375 0.1078125
1 0.2734375 0.43984375 0.0625 0.1421875
0 0.49375 0.4421875 0.05 0.0875
0 0.653125 0.55 0.0875 0.140625
1 0.0640625 0.5515625 0.109375 0.16875
0 0.27265625 0.715625 0.1015625 0.171875
1 0.8921875 0.79765625 0.215625 0.4046875