0 0.36953125 0.303125 0.0171875 0.021875
0 0.4609375 0.321875 0.01875 0.03125
0 0.39375 0.325 0.021875 0.03125
0 0.5265625 0.36796875 0.021875 0.0390625
0 0.47578125 0.375 0.0328125 0.040625
1 0.6125 0.37890625 0.071875 0.1078125
1 0.55078125 0.384375 0.0421875 0.05625
0 0.49375 0.403125 0.03125 0.05
0 0.36484375 0.41640625 0.0390625 0.0453125
0 0.5078125 0.446875 0.04375 0.0625
0 0.57578125 0.446875 0.0546875 0.0625
0 0.27890625 0.45078125 0.0546875 0.0609375
0 0.7015625 0.50078125 0.053125 0.0734375
0 0.52578125 0.51640625 0.0578125 0.0828125
1 0.66328125 0.54765625 0.0890625 0.1328125
1 0.05390625 0.584375 0.1078125 0.259375
0 0.5578125 0.61875 0.078125 0.1125
0 0.6546875 0.859375 0.153125 0.246875