1 0.328125 0.33125 0.05 0.0375
0 0.38515625 0.35703125 0.0421875 0.0265625
1 0.259375 0.36796875 0.06875 0.0859375
0 0.32578125 0.36875 0.0359375 0.028125
1 0.28359375 0.41953125 0.0671875 0.1109375
0 0.36015625 0.43125 0.0515625 0.078125
1 0.79453125 0.50703125 0.1296875 0.1390625
1 0.61640625 0.50859375 0.0671875 0.1421875
1 0.66875 0.553125 0.09375 0.19375
0 0.52109375 0.56875 0.0578125 0.115625
0 0.55078125 0.603125 0.0828125 0.090625
1 0.1140625 0.60390625 0.14375 0.2296875
1 0.95234375 0.6125 0.0953125 0.215625
0 0.29765625 0.63125 0.0984375 0.121875
1 0.74921875 0.64296875 0.0859375 0.1609375
0 0.56484375 0.71640625 0.0984375 0.1421875
1 0.859375 0.73828125 0.209375 0.4015625
1 0.0234375 0.7875 0.046875 0.28125
1 0.925 0.84453125 0.15 0.3109375
0 0.73671875 0.86328125 0.1859375 0.2734375