1 0.4640625 0.321875 0.034375 0.0625
1 0.57578125 0.328125 0.0453125 0.04375
0 0.35234375 0.33046875 0.0296875 0.0359375
1 0.51953125 0.334375 0.0453125 0.075
0 0.38359375 0.3375 0.0265625 0.03125
1 0.534375 0.359375 0.0625 0.0875
0 0.4734375 0.3640625 0.028125 0.03125
0 0.31328125 0.3765625 0.0390625 0.04375
0 0.378125 0.3796875 0.034375 0.05
1 0.6625 0.3875 0.1 0.1125
0 0.48125 0.39375 0.0375 0.04375
0 0.490625 0.4359375 0.05 0.0625
1 0.58515625 0.43515625 0.0828125 0.1578125
0 0.509375 0.453125 0.04375 0.0375
0 0.71640625 0.490625 0.0359375 0.065625
1 0.65546875 0.5 0.1234375 0.228125
0 0.51484375 0.50625 0.0640625 0.0875
0 0.7609375 0.52578125 0.065625 0.0734375
0 0.5515625 0.57265625 0.096875 0.1203125
0 0.79765625 0.578125 0.0703125 0.096875
0 0.8625 0.62734375 0.1 0.1171875
0 0.703125 0.63984375 0.096875 0.1421875
0 0.559375 0.65625 0.096875 0.11875
0 0.0890625 0.72578125 0.11875 0.1359375
0 0.23671875 0.771875 0.1078125 0.14375
0 0.609375 0.83671875 0.125 0.2015625