0 0.47578125 0.3578125 0.0359375 0.03125
0 0.32578125 0.36328125 0.0328125 0.0390625
0 0.3796875 0.36484375 0.034375 0.0453125
1 0.54375 0.36953125 0.05625 0.0890625
0 0.4796875 0.384375 0.03125 0.0375
1 0.66015625 0.396875 0.0953125 0.11875
0 0.49296875 0.4078125 0.0390625 0.03125
0 0.54609375 0.41953125 0.0234375 0.0515625
1 0.59453125 0.440625 0.0953125 0.165625
0 0.49921875 0.44765625 0.0515625 0.0546875
0 0.51328125 0.48671875 0.0609375 0.0609375
0 0.52421875 0.53125 0.0671875 0.08125
0 0.79609375 0.55 0.0703125 0.09375
1 0.70625 0.55234375 0.153125 0.2703125
1 0.0546875 0.58984375 0.109375 0.2546875
0 0.31328125 0.5953125 0.0765625 0.09375
0 0.54609375 0.59609375 0.0796875 0.1078125
0 0.86875 0.65390625 0.115625 0.1328125
0 0.6109375 0.753125 0.125 0.20625
0 0.9328125 0.9109375 0.134375 0.175