0 0.28828125 0.359375 0.0359375 0.046875
1 0.59375 0.36015625 0.0375 0.0703125
1 0.3265625 0.3625 0.05625 0.1
1 0.54375 0.3703125 0.05 0.08125
0 0.37421875 0.38046875 0.0265625 0.0234375
0 0.4875 0.38046875 0.040625 0.0609375
0 0.653125 0.38515625 0.046875 0.0578125
0 0.371875 0.41875 0.040625 0.05625
0 0.7640625 0.47265625 0.05625 0.0828125
0 0.5125 0.490625 0.0625 0.096875
1 0.11875 0.50625 0.140625 0.1875
0 0.29453125 0.61875 0.0984375 0.171875
0 0.97578125 0.64375 0.0484375 0.165625
1 0.8953125 0.65625 0.1375 0.240625
1 0.303125 0.67421875 0.00625 0.0359375
0 0.64140625 0.8 0.1296875 0.196875
0 0.24609375 0.8625 0.1671875 0.209375
0 0.946875 0.92578125 0.10625 0.1484375