1 0.65390625 0.41640625 0.0640625 0.1078125
0 0.5546875 0.428125 0.0375 0.078125
0 0.490625 0.4296875 0.046875 0.0625
1 0.5875 0.4546875 0.05625 0.1125
1 0.80390625 0.484375 0.1765625 0.19375
0 0.49765625 0.49921875 0.0546875 0.0984375
1 0.6375 0.50546875 0.084375 0.1390625
0 0.525 0.55390625 0.075 0.1296875
1 0.95859375 0.6046875 0.0828125 0.15
1 0.121875 0.6125 0.23125 0.353125
0 0.54375 0.64296875 0.08125 0.1859375
1 0.828125 0.65625 0.209375 0.284375
0 0.65390625 0.6703125 0.1140625 0.16875
0 0.59765625 0.884375 0.1359375 0.225
0 0.1875 0.91328125 0.153125 0.1734375