1 0.5046875 0.31171875 0.046875 0.0734375
1 0.55546875 0.33671875 0.0359375 0.0859375
0 0.49921875 0.35 0.0328125 0.04375
0 0.4859375 0.3625 0.0375 0.040625
0 0.32421875 0.384375 0.0296875 0.046875
1 0.2921875 0.39140625 0.0625 0.0921875
0 0.37734375 0.40078125 0.0515625 0.0484375
0 0.48359375 0.41171875 0.0421875 0.0390625
0 0.3671875 0.43515625 0.065625 0.0703125
1 0.24609375 0.459375 0.0859375 0.121875
0 0.50234375 0.47265625 0.0578125 0.0828125
0 0.79765625 0.4875 0.0265625 0.1125
1 0.75234375 0.50078125 0.0890625 0.1765625
0 0.65 0.54375 0.078125 0.1
0 0.54296875 0.54609375 0.0671875 0.1078125
0 0.334375 0.5625 0.08125 0.09375
0 0.79140625 0.78203125 0.1546875 0.1859375
0 0.21328125 0.88515625 0.1765625 0.2078125