1 0.521875 0.328125 0.04375 0.084375
0 0.47109375 0.34375 0.0203125 0.028125
1 0.334375 0.3609375 0.040625 0.075
0 0.3859375 0.371875 0.015625 0.028125
1 0.26796875 0.378125 0.0390625 0.059375
1 0.56171875 0.38984375 0.0390625 0.0921875
1 0.65859375 0.41015625 0.0703125 0.1046875
0 0.19921875 0.45390625 0.0609375 0.0671875
0 0.3546875 0.4984375 0.06875 0.0875
0 0.15078125 0.5171875 0.0796875 0.0875
0 0.75703125 0.525 0.0921875 0.090625
0 0.5265625 0.528125 0.046875 0.11875
0 0.634375 0.53359375 0.075 0.0921875
0 0.03125 0.60703125 0.040625 0.1015625
1 0.13125 0.665625 0.090625 0.146875
0 0.60390625 0.76875 0.1078125 0.178125
1 0.88046875 0.796875 0.2359375 0.365625
1 0.2140625 0.83203125 0.128125 0.1515625