0 0.52109375 0.38984375 0.0390625 0.0671875
1 0.5796875 0.409375 0.059375 0.0875
1 0.29453125 0.4125 0.0734375 0.1
0 0.48203125 0.415625 0.0421875 0.046875
0 0.3609375 0.4375 0.071875 0.10625
0 0.49765625 0.446875 0.0453125 0.059375
0 0.6109375 0.47421875 0.04375 0.1015625
0 0.77265625 0.484375 0.0640625 0.071875
0 0.50859375 0.5 0.0640625 0.103125
0 0.53984375 0.55703125 0.0609375 0.0984375
0 0.56171875 0.63046875 0.0890625 0.1609375
1 0.81953125 0.70703125 0.2140625 0.3234375
0 0.965625 0.71328125 0.06875 0.1609375
0 0.2328125 0.73515625 0.121875 0.1828125
0 0.609375 0.85234375 0.15 0.2453125