0 0.371875 0.3 0.021875 0.028125
0 0.46796875 0.30703125 0.0234375 0.0359375
0 0.4015625 0.309375 0.025 0.028125
0 0.50078125 0.315625 0.0203125 0.028125
0 0.51640625 0.3375 0.0296875 0.0375
0 0.478125 0.3453125 0.028125 0.03125
0 0.33125 0.36875 0.034375 0.040625
0 0.371875 0.390625 0.04375 0.05
0 0.49296875 0.39296875 0.0359375 0.0484375
0 0.29453125 0.425 0.0484375 0.05625
0 0.58046875 0.43671875 0.0484375 0.0734375
0 0.53515625 0.4875 0.0578125 0.08125
1 0.7953125 0.5640625 0.084375 0.14375
1 0.72578125 0.590625 0.1265625 0.215625
0 0.27421875 0.63046875 0.0953125 0.1140625
0 0.63125 0.75859375 0.109375 0.1796875