1 0.4671875 0.33046875 0.04375 0.0640625
1 0.52578125 0.3375 0.0515625 0.08125
0 0.46953125 0.359375 0.0265625 0.03125
1 0.6203125 0.38125 0.0625 0.1
1 0.56484375 0.38984375 0.0671875 0.1078125
0 0.48046875 0.3953125 0.0328125 0.04375
0 0.553125 0.4140625 0.040625 0.04375
0 0.64609375 0.42421875 0.0453125 0.0609375
0 0.49453125 0.43046875 0.0421875 0.0765625
0 0.271875 0.45703125 0.046875 0.0640625
0 0.509375 0.459375 0.046875 0.0375
1 0.74296875 0.471875 0.1390625 0.196875
0 0.6078125 0.49375 0.06875 0.084375
0 0.51796875 0.51640625 0.0578125 0.0828125
0 0.875 0.559375 0.0875 0.1
0 0.30390625 0.56875 0.0828125 0.090625
0 0.68671875 0.61640625 0.0890625 0.1203125
1 0.11484375 0.6171875 0.1359375 0.15
0 0.553125 0.625 0.09375 0.11875