1 0.37109375 0.296875 0.0328125 0.053125
1 0.4 0.31015625 0.028125 0.0328125
1 0.33203125 0.31484375 0.0296875 0.0453125
0 0.38984375 0.34453125 0.0296875 0.0359375
1 0.22578125 0.384375 0.0765625 0.109375
1 0.553125 0.3875 0.046875 0.0875
0 0.36796875 0.39140625 0.0421875 0.0546875
1 0.6578125 0.39375 0.09375 0.14375
0 0.57109375 0.42421875 0.0328125 0.0515625
0 0.5953125 0.44765625 0.04375 0.0671875
0 0.50234375 0.4625 0.0390625 0.0625
1 0.72109375 0.484375 0.0921875 0.15
0 0.5171875 0.4953125 0.059375 0.08125
1 0.3203125 0.49609375 0.059375 0.0796875
1 0.62265625 0.509375 0.0671875 0.134375
0 0.53046875 0.534375 0.0640625 0.084375
1 0.66796875 0.54921875 0.1078125 0.2015625
1 0.159375 0.56015625 0.125 0.1578125
0 0.55859375 0.57734375 0.0703125 0.1046875
1 0.89609375 0.609375 0.1453125 0.209375
1 0.5359375 0.62265625 0.08125 0.1578125
1 0.76484375 0.65078125 0.0984375 0.1609375
1 0.86328125 0.734375 0.2296875 0.390625
0 0.5734375 0.7421875 0.1 0.175
0 0.61328125 0.8625 0.1359375 0.20625
0 0.64296875 0.95078125 0.1515625 0.0984375