1 0.3609375 0.303125 0.028125 0.034375
0 0.396875 0.325 0.0125 0.021875
0 0.46484375 0.328125 0.0234375 0.028125
1 0.525 0.33125 0.0375 0.078125
1 0.34375 0.33984375 0.040625 0.0546875
0 0.39296875 0.3484375 0.0140625 0.0375
0 0.47890625 0.35859375 0.0296875 0.0296875
1 0.2859375 0.359375 0.0375 0.040625
0 0.665625 0.40625 0.034375 0.040625
0 0.2578125 0.40703125 0.04375 0.0515625
0 0.378125 0.409375 0.034375 0.065625
1 0.5953125 0.43125 0.04375 0.065625
0 0.22109375 0.434375 0.0421875 0.04375
1 0.715625 0.46875 0.096875 0.134375
1 0.22890625 0.49453125 0.0609375 0.1109375
0 0.1484375 0.49921875 0.0625 0.0984375
0 0.3265625 0.54453125 0.078125 0.1234375
1 0.12265625 0.646875 0.1734375 0.26875
0 0.740625 0.690625 0.1 0.121875
0 0.93671875 0.69140625 0.1203125 0.1671875
0 0.61171875 0.81875 0.1359375 0.171875
0 0.234375 0.84921875 0.14375 0.2234375