1 0.50390625 0.31796875 0.0265625 0.0734375
1 0.33046875 0.32421875 0.0421875 0.0390625
0 0.46796875 0.33125 0.0203125 0.046875
0 0.39609375 0.34296875 0.0203125 0.0359375
1 0.54140625 0.359375 0.0359375 0.071875
1 0.61171875 0.365625 0.0578125 0.090625
1 0.30859375 0.38125 0.0328125 0.075
0 0.38125 0.38203125 0.025 0.0390625
1 0.23984375 0.384375 0.0421875 0.046875
0 0.49296875 0.4203125 0.0296875 0.05625
0 0.6703125 0.43125 0.034375 0.059375
0 0.3625 0.43203125 0.03125 0.0734375
0 0.21484375 0.434375 0.0578125 0.078125
0 0.58125 0.44609375 0.0375 0.0671875
0 0.52890625 0.55 0.0421875 0.0875
0 0.09140625 0.57109375 0.0703125 0.0921875
1 0.73984375 0.584375 0.1421875 0.25
0 0.03203125 0.665625 0.0609375 0.13125
0 0.28125 0.68046875 0.121875 0.1515625
1 0.871875 0.75703125 0.246875 0.4859375