1 0.62734375 0.378125 0.0578125 0.0875
0 0.4921875 0.390625 0.034375 0.04375
1 0.571875 0.39140625 0.071875 0.1171875
0 0.37109375 0.4 0.0359375 0.04375
0 0.25078125 0.403125 0.0421875 0.053125
0 0.5078125 0.45625 0.05 0.053125
1 0.7125 0.46484375 0.115625 0.1578125
1 0.61640625 0.48984375 0.0671875 0.1078125
0 0.528125 0.53125 0.059375 0.075
0 0.85078125 0.54921875 0.0703125 0.0859375
1 0.6890625 0.56171875 0.125 0.2359375
0 0.30546875 0.5734375 0.0796875 0.0875
0 0.58671875 0.68515625 0.0953125 0.1421875
1 0.85390625 0.79375 0.2171875 0.371875