1 0.3578125 0.31328125 0.046875 0.0734375
0 0.3921875 0.340625 0.0375 0.05625
0 0.384375 0.36875 0.040625 0.053125
1 0.371875 0.4046875 0.05 0.075
1 0.290625 0.40625 0.075 0.1125
0 0.5765625 0.42109375 0.04375 0.0546875
1 0.64921875 0.42421875 0.0609375 0.0734375
1 0.17265625 0.43828125 0.1140625 0.1390625
1 0.7375 0.484375 0.103125 0.165625
0 0.25625 0.49140625 0.0625 0.0921875
0 0.3421875 0.503125 0.071875 0.0875
0 0.51171875 0.5046875 0.0703125 0.075
1 0.62578125 0.515625 0.0671875 0.134375
1 0.67421875 0.54375 0.1015625 0.18125
0 0.5171875 0.54765625 0.06875 0.1046875
1 0.909375 0.57109375 0.18125 0.2046875
0 0.55 0.60625 0.08125 0.115625
1 0.75234375 0.6296875 0.0859375 0.1375
0 0.55859375 0.69765625 0.1015625 0.1546875
1 0.87421875 0.76953125 0.2515625 0.4609375
0 0.7234375 0.8625 0.146875 0.265625
0 0.59453125 0.921875 0.1140625 0.15625