1 0.27421875 0.3546875 0.0328125 0.05
1 0.609375 0.35625 0.065625 0.109375
1 0.54453125 0.375 0.0578125 0.084375
0 0.48984375 0.38203125 0.0390625 0.0484375
0 0.31796875 0.396875 0.0359375 0.053125
0 0.49140625 0.41875 0.0390625 0.040625
0 0.58359375 0.44921875 0.0421875 0.0515625
0 0.5046875 0.46953125 0.04375 0.0734375
0 0.765625 0.534375 0.046875 0.075
1 0.69296875 0.5453125 0.1765625 0.30625
1 0.89453125 0.634375 0.2109375 0.309375
0 0.565625 0.64921875 0.084375 0.1140625
0 0.12265625 0.67578125 0.1109375 0.1265625