1 0.328125 0.365625 0.04375 0.05
1 0.240625 0.36953125 0.06875 0.0765625
1 0.6234375 0.378125 0.0625 0.1125
1 0.56015625 0.38671875 0.0859375 0.1140625
0 0.375 0.396875 0.0375 0.05
0 0.49140625 0.40078125 0.0359375 0.0484375
0 0.30859375 0.403125 0.0390625 0.05
1 0.246875 0.46875 0.075 0.125
0 0.5140625 0.51015625 0.059375 0.0828125
1 0.6953125 0.540625 0.146875 0.265625
0 0.31875 0.571875 0.071875 0.090625
1 0.05390625 0.58359375 0.1078125 0.3078125
0 0.1359375 0.66796875 0.109375 0.1140625
0 0.24609375 0.77890625 0.1234375 0.1703125
0 0.6453125 0.896875 0.14375 0.20625