1 0.36484375 0.30390625 0.0296875 0.0546875
0 0.4 0.31875 0.025 0.03125
0 0.38984375 0.353125 0.0265625 0.03125
1 0.30859375 0.38828125 0.0609375 0.0890625
1 0.378125 0.39140625 0.04375 0.0546875
1 0.18671875 0.4328125 0.0953125 0.13125
0 0.2765625 0.45625 0.05625 0.075
0 0.35546875 0.46875 0.0453125 0.0625
1 0.74375 0.49375 0.103125 0.15625
0 0.81484375 0.503125 0.0484375 0.06875
1 0.6671875 0.54921875 0.090625 0.2015625
0 0.51796875 0.5625 0.0734375 0.10625
1 0.91953125 0.578125 0.1609375 0.196875
0 0.55078125 0.60859375 0.0703125 0.0953125
1 0.7453125 0.6296875 0.059375 0.1375
0 0.5640625 0.7125 0.109375 0.16875
1 0.87265625 0.76953125 0.2546875 0.4609375
1 0.08984375 0.7703125 0.1796875 0.459375
0 0.734375 0.8671875 0.140625 0.265625
0 0.59921875 0.9328125 0.1234375 0.134375
0 0.1921875 0.94765625 0.2 0.1046875