1 0.3734375 0.29453125 0.028125 0.0515625
1 0.36015625 0.3109375 0.0359375 0.0625
0 0.4015625 0.31171875 0.015625 0.0265625
1 0.3140625 0.321875 0.028125 0.04375
0 0.51328125 0.32890625 0.0171875 0.0203125
0 0.39296875 0.34140625 0.0234375 0.0296875
0 0.37578125 0.34921875 0.0265625 0.0359375
1 0.5984375 0.35078125 0.03125 0.0484375
0 0.5265625 0.3578125 0.021875 0.03125
1 0.4859375 0.365625 0.05 0.103125
0 0.54609375 0.3875 0.0359375 0.0375
0 0.371875 0.39296875 0.040625 0.0484375
0 0.30546875 0.396875 0.0390625 0.046875
1 0.628125 0.40703125 0.05 0.0859375
0 0.5734375 0.43828125 0.04375 0.0515625
1 0.27109375 0.4515625 0.0484375 0.06875
0 0.71171875 0.453125 0.0546875 0.0625
0 0.51015625 0.46953125 0.0546875 0.0859375
0 0.346875 0.484375 0.053125 0.059375
1 0.0859375 0.496875 0.090625 0.071875
0 0.60859375 0.503125 0.0546875 0.065625
1 0.7875 0.54375 0.103125 0.159375
0 0.85625 0.55234375 0.084375 0.0921875
0 0.69375 0.61015625 0.0875 0.1171875
1 0.11484375 0.6375 0.2171875 0.30625
0 0.5953125 0.7375 0.115625 0.184375
0 0.290625 0.73984375 0.103125 0.1328125
0 0.83359375 0.809375 0.1671875 0.25