1 0.58984375 0.3375 0.0578125 0.0875
1 0.53359375 0.35 0.0546875 0.109375
1 0.29453125 0.35390625 0.0421875 0.0578125
0 0.3875 0.36015625 0.03125 0.0421875
1 0.48359375 0.3625 0.0546875 0.096875
0 0.29453125 0.403125 0.0359375 0.059375
0 0.36640625 0.425 0.0390625 0.05625
0 0.4953125 0.42734375 0.05 0.0671875
1 0.26328125 0.44375 0.0546875 0.0875
1 0.1828125 0.45625 0.075 0.10625
1 0.61171875 0.45703125 0.1140625 0.1890625
1 0.73828125 0.48203125 0.1359375 0.1765625
0 0.3171875 0.54921875 0.084375 0.0890625
1 0.94296875 0.71796875 0.1140625 0.2984375
0 0.59375 0.725 0.109375 0.1625
0 0.8421875 0.809375 0.15 0.225