1 0.33125 0.340625 0.05 0.0875
1 0.25546875 0.35859375 0.0671875 0.0921875
1 0.615625 0.37421875 0.06875 0.1109375
1 0.55859375 0.403125 0.0484375 0.09375
0 0.50078125 0.425 0.0421875 0.059375
1 0.69609375 0.46875 0.0671875 0.10625
0 0.6046875 0.471875 0.05625 0.071875
1 0.16015625 0.4875 0.0828125 0.1
0 0.5265625 0.54140625 0.071875 0.0953125
1 0.21796875 0.54453125 0.0765625 0.1015625
0 0.7734375 0.56875 0.084375 0.11875
0 0.66015625 0.5921875 0.0859375 0.1125
0 0.13203125 0.74375 0.1265625 0.14375
0 0.6609375 0.846875 0.15 0.225
0 0.2046875 0.90390625 0.153125 0.1921875