1 0.353125 0.31875 0.028125 0.046875
0 0.39921875 0.32890625 0.0359375 0.0328125
1 0.559375 0.33125 0.025 0.05
0 0.4671875 0.3375 0.046875 0.040625
1 0.52421875 0.340625 0.0484375 0.084375
1 0.34140625 0.34609375 0.0265625 0.0453125
0 0.3875 0.365625 0.03125 0.034375
1 0.6078125 0.375 0.0375 0.071875
0 0.36171875 0.425 0.0390625 0.065625
0 0.58046875 0.46015625 0.0609375 0.0703125
0 0.52890625 0.484375 0.0546875 0.084375
0 0.3203125 0.5265625 0.05625 0.08125
0 0.5875 0.70390625 0.1125 0.1671875
0 0.21640625 0.89140625 0.1640625 0.2078125