0 0.3234375 0.38125 0.0375 0.04375
1 0.634375 0.4015625 0.075 0.11875
0 0.49375 0.40546875 0.0375 0.0390625
0 0.5609375 0.40625 0.040625 0.046875
0 0.578125 0.440625 0.03125 0.053125
0 0.50234375 0.44765625 0.0421875 0.0546875
1 0.61953125 0.46484375 0.0609375 0.1078125
0 0.53828125 0.490625 0.0578125 0.078125
0 0.6515625 0.5609375 0.078125 0.1
0 0.92734375 0.62109375 0.1140625 0.1296875
1 0.76484375 0.6875 0.1015625 0.165625
0 0.90546875 0.69375 0.1109375 0.1
0 0.6234375 0.84453125 0.128125 0.2265625
1 0.890625 0.8484375 0.209375 0.303125