1 0.26328125 0.378125 0.0484375 0.059375
1 0.30078125 0.40859375 0.0453125 0.0546875
1 0.66328125 0.40859375 0.0953125 0.1296875
0 0.49296875 0.421875 0.0421875 0.053125
0 0.34609375 0.428125 0.0484375 0.05625
1 0.59765625 0.46171875 0.0609375 0.1140625
0 0.52109375 0.47578125 0.0578125 0.0859375
0 0.34140625 0.484375 0.0546875 0.06875
1 0.8015625 0.56328125 0.1 0.1484375
0 0.67578125 0.58125 0.0796875 0.1125
0 0.59609375 0.734375 0.1140625 0.16875
0 0.9421875 0.75 0.115625 0.184375
0 0.22421875 0.828125 0.1296875 0.16875
0 0.07109375 0.8296875 0.1421875 0.175
0 0.821875 0.8625 0.1625 0.203125