0 0.3328125 0.3640625 0.034375 0.04375
0 0.38046875 0.365625 0.0328125 0.040625
1 0.2375 0.38046875 0.0625 0.0984375
0 0.3140625 0.38984375 0.0375 0.0421875
1 0.5578125 0.3921875 0.053125 0.0875
0 0.49453125 0.39765625 0.0359375 0.0328125
0 0.63515625 0.4046875 0.0390625 0.05
0 0.49140625 0.42265625 0.0328125 0.0421875
0 0.6671875 0.434375 0.05 0.046875
0 0.584375 0.4375 0.04375 0.05
0 0.50625 0.45390625 0.046875 0.0546875
0 0.51484375 0.48984375 0.0453125 0.0703125
0 0.33203125 0.496875 0.0578125 0.059375
1 0.79765625 0.528125 0.1671875 0.190625
0 0.5375 0.59609375 0.075 0.1171875
0 0.70546875 0.6421875 0.0984375 0.125
1 0.92421875 0.7046875 0.1296875 0.15
0 0.59765625 0.75 0.1015625 0.15