1 0.59296875 0.34296875 0.0484375 0.0765625
1 0.540625 0.35859375 0.059375 0.0953125
1 0.203125 0.39921875 0.084375 0.1140625
1 0.30078125 0.40234375 0.0671875 0.0703125
0 0.49140625 0.43203125 0.0390625 0.0640625
0 0.3546875 0.45390625 0.046875 0.0546875
0 0.271875 0.4625 0.059375 0.071875
1 0.62890625 0.465625 0.1078125 0.1875
0 0.18359375 0.48125 0.0640625 0.053125
1 0.803125 0.54921875 0.146875 0.1609375
0 0.54765625 0.5921875 0.0734375 0.1125
1 0.746875 0.60234375 0.1375 0.2453125
1 0.15390625 0.603125 0.1296875 0.203125
0 0.225 0.89453125 0.15625 0.2015625