1 0.28828125 0.34375 0.0328125 0.05
1 0.609375 0.35625 0.065625 0.109375
0 0.47578125 0.36875 0.0296875 0.03125
1 0.54453125 0.375 0.0578125 0.084375
0 0.32890625 0.378125 0.0359375 0.053125
0 0.48984375 0.384375 0.0390625 0.046875
0 0.49140625 0.41875 0.0390625 0.040625
0 0.58984375 0.45859375 0.0484375 0.0578125
0 0.51171875 0.47421875 0.0515625 0.0734375
0 0.7828125 0.54375 0.046875 0.075
0 0.19609375 0.571875 0.0796875 0.109375
1 0.7234375 0.57890625 0.209375 0.3703125
1 0.90546875 0.678125 0.1890625 0.3375
0 0.5734375 0.6875 0.090625 0.125
0 0.20234375 0.928125 0.1546875 0.14375