1 0.3796875 0.28671875 0.025 0.0390625
1 0.409375 0.29375 0.021875 0.028125
1 0.35 0.296875 0.025 0.034375
0 0.4015625 0.30546875 0.01875 0.0234375
0 0.39375 0.3203125 0.025 0.03125
1 0.2921875 0.3375 0.053125 0.08125
1 0.3828125 0.34765625 0.03125 0.0421875
0 0.48125 0.38125 0.034375 0.05625
1 0.30390625 0.38125 0.0484375 0.078125
1 0.553125 0.3875 0.046875 0.0875
1 0.1859375 0.42265625 0.0875 0.1078125
1 0.6890625 0.42265625 0.1125 0.1828125
0 0.57109375 0.42421875 0.0328125 0.0515625
0 0.48671875 0.42734375 0.0359375 0.0671875
0 0.3625 0.4375 0.04375 0.059375
0 0.5953125 0.44765625 0.04375 0.0671875
0 0.50234375 0.4625 0.0390625 0.0625
0 0.5171875 0.4953125 0.059375 0.08125
1 0.7484375 0.50234375 0.103125 0.1578125
1 0.62265625 0.509375 0.0671875 0.134375
0 0.53046875 0.534375 0.0640625 0.084375
0 0.3265625 0.5359375 0.06875 0.0875
1 0.66796875 0.54921875 0.1078125 0.2015625
0 0.90546875 0.571875 0.0640625 0.08125
0 0.55859375 0.57734375 0.0703125 0.1046875
1 0.5359375 0.62265625 0.08125 0.1578125
1 0.76484375 0.65078125 0.0984375 0.1609375
1 0.86328125 0.734375 0.2296875 0.390625
0 0.5734375 0.7421875 0.1 0.175
0 0.61328125 0.8625 0.1359375 0.20625
0 0.20703125 0.8734375 0.1390625 0.1875
0 0.64296875 0.95078125 0.1515625 0.0984375