1 0.284375 0.346875 0.0625 0.065625
0 0.57109375 0.36171875 0.0390625 0.0515625
0 0.3875 0.36484375 0.0375 0.0453125
0 0.62890625 0.37421875 0.0421875 0.0484375
1 0.253125 0.375 0.059375 0.096875
0 0.4796875 0.38125 0.05 0.04375
0 0.32421875 0.38203125 0.0453125 0.0515625
0 0.36640625 0.415625 0.0484375 0.053125
0 0.56015625 0.41875 0.0515625 0.06875
1 0.71328125 0.42421875 0.0671875 0.0984375
0 0.6421875 0.43203125 0.0625 0.0640625
1 0.82421875 0.47734375 0.1078125 0.0796875
0 0.52421875 0.5015625 0.0703125 0.09375
0 0.246875 0.50546875 0.084375 0.0890625
1 0.83515625 0.528125 0.1109375 0.075
1 0.66796875 0.5453125 0.0796875 0.15625
1 0.1296875 0.55390625 0.115625 0.1578125
0 0.29765625 0.6375 0.0921875 0.121875
1 0.84765625 0.7625 0.3046875 0.475
0 0.046875 0.9 0.09375 0.2