1 0.27734375 0.35390625 0.0671875 0.1046875
0 0.33828125 0.36171875 0.0234375 0.0359375
0 0.38046875 0.375 0.0296875 0.03125
0 0.48359375 0.37890625 0.0359375 0.0453125
1 0.290625 0.4 0.071875 0.103125
0 0.35703125 0.4265625 0.0453125 0.05625
1 0.60390625 0.428125 0.0953125 0.159375
1 0.66484375 0.4375 0.0515625 0.084375
1 0.51953125 0.45546875 0.0859375 0.1609375
1 0.7296875 0.49375 0.078125 0.134375
0 0.3375 0.496875 0.0625 0.075
0 0.2203125 0.52734375 0.075 0.0796875
1 0.05 0.57421875 0.1 0.1609375
0 0.578125 0.61015625 0.090625 0.1328125
0 0.26953125 0.721875 0.1109375 0.140625
1 0.0609375 0.80390625 0.121875 0.1796875