1 0.55078125 0.36875 0.0515625 0.0875
1 0.31171875 0.378125 0.0453125 0.071875
0 0.3703125 0.4015625 0.04375 0.04375
0 0.4875 0.40390625 0.034375 0.0421875
1 0.1890625 0.41875 0.11875 0.165625
1 0.69609375 0.43515625 0.0953125 0.1703125
0 0.27578125 0.4453125 0.0484375 0.05625
0 0.49921875 0.4546875 0.0515625 0.075
0 0.3484375 0.45859375 0.046875 0.0671875
1 0.62890625 0.4703125 0.1359375 0.20625
0 0.52890625 0.53125 0.0640625 0.096875
1 0.178125 0.55 0.090625 0.103125
1 0.26171875 0.734375 0.1328125 0.19375
0 0.08046875 0.746875 0.1140625 0.115625