0 0.4 0.321875 0.025 0.025
1 0.34453125 0.3296875 0.0390625 0.075
0 0.47421875 0.3453125 0.0265625 0.04375
1 0.534375 0.35390625 0.05 0.0671875
0 0.36875 0.3984375 0.053125 0.075
1 0.6421875 0.4 0.071875 0.075
0 0.5 0.403125 0.028125 0.046875
0 0.5078125 0.4875 0.040625 0.0625
1 0.125 0.50703125 0.071875 0.1109375
0 0.6390625 0.51015625 0.0625 0.0828125
0 0.32421875 0.5171875 0.0703125 0.125
0 0.67578125 0.5984375 0.0796875 0.1
1 0.8828125 0.61015625 0.234375 0.2703125
1 0.07109375 0.73828125 0.1390625 0.3359375
0 0.26171875 0.74609375 0.1078125 0.1296875
0 0.653125 0.8265625 0.1 0.14375