0 0.403125 0.3 0.025 0.028125
1 0.49609375 0.30078125 0.0328125 0.0609375
0 0.46640625 0.3203125 0.0234375 0.03125
0 0.47578125 0.3390625 0.0234375 0.03125
1 0.38125 0.34375 0.05 0.075
1 0.57109375 0.34765625 0.0546875 0.0671875
1 0.3109375 0.35 0.075 0.109375
0 0.4859375 0.36796875 0.03125 0.0359375
0 0.5609375 0.41640625 0.040625 0.0578125
0 0.49921875 0.421875 0.0421875 0.05
0 0.359375 0.42265625 0.046875 0.0703125
0 0.27265625 0.671875 0.1078125 0.15625
0 0.7953125 0.74453125 0.14375 0.2015625