1 0.31640625 0.35703125 0.0609375 0.1015625
1 0.2171875 0.38671875 0.084375 0.1140625
1 0.66953125 0.43984375 0.0609375 0.0953125
0 0.5875 0.44375 0.053125 0.06875
0 0.51328125 0.50234375 0.0609375 0.0921875
0 0.72734375 0.525 0.0734375 0.10625
0 0.6296875 0.5328125 0.071875 0.09375
0 0.8359375 0.5375 0.075 0.090625
1 0.059375 0.5828125 0.11875 0.14375
1 0.90234375 0.646875 0.1640625 0.25625
1 0.14375 0.665625 0.115625 0.14375
0 0.6046875 0.709375 0.11875 0.165625
1 0.8671875 0.81953125 0.215625 0.3609375