1 0.24375 0.359375 0.08125 0.096875
1 0.56171875 0.384375 0.0671875 0.125
0 0.3203125 0.390625 0.034375 0.053125
1 0.49765625 0.396875 0.0640625 0.11875
1 0.62578125 0.40234375 0.0453125 0.0796875
0 0.37109375 0.409375 0.0359375 0.053125
1 0.66953125 0.4375 0.0609375 0.103125
1 0.23203125 0.45703125 0.0890625 0.1390625
0 0.5328125 0.490625 0.065625 0.1
0 0.328125 0.49765625 0.065625 0.0796875
0 0.27578125 0.64140625 0.0953125 0.1078125
0 0.8875 0.68828125 0.115625 0.1609375
0 0.08203125 0.7125 0.1234375 0.128125
0 0.69609375 0.7328125 0.1203125 0.16875