1 0.38125 0.36875 0.034375 0.040625
1 0.325 0.37109375 0.0375 0.0453125
1 0.28046875 0.37578125 0.0390625 0.0484375
1 0.49609375 0.39765625 0.0359375 0.0453125
0 0.50390625 0.45078125 0.0421875 0.0609375
0 0.66484375 0.453125 0.0546875 0.065625
0 0.60546875 0.478125 0.0546875 0.071875
1 0.76171875 0.51640625 0.0953125 0.1578125
0 0.528125 0.52421875 0.0625 0.0984375
0 0.6453125 0.534375 0.06875 0.103125
0 0.31875 0.546875 0.06875 0.1
1 0.72109375 0.6296875 0.1328125 0.2125
1 0.890625 0.675 0.140625 0.15
0 0.62265625 0.7921875 0.1265625 0.2