0 0.58515625 0.3625 0.0390625 0.05
0 0.53828125 0.384375 0.0296875 0.040625
0 0.6046875 0.39609375 0.034375 0.0421875
0 0.4859375 0.39765625 0.034375 0.0421875
1 0.65234375 0.40625 0.0515625 0.065625
0 0.57734375 0.42890625 0.0515625 0.0578125
0 0.496875 0.4375 0.0375 0.053125
1 0.14296875 0.46640625 0.0921875 0.1078125
1 0.74921875 0.48203125 0.1578125 0.2390625
0 0.52421875 0.503125 0.0609375 0.0875
1 0.64140625 0.51875 0.1203125 0.171875
0 0.571875 0.65625 0.09375 0.146875
0 0.94375 0.76953125 0.1125 0.1265625
0 0.63359375 0.88125 0.1421875 0.2375