1 0.3109375 0.375 0.053125 0.075
0 0.384375 0.37734375 0.053125 0.0578125
0 0.66328125 0.403125 0.0703125 0.1
1 0.26953125 0.4125 0.0453125 0.08125
0 0.5703125 0.425 0.03125 0.0625
0 0.59375 0.4375 0.04375 0.04375
0 0.3453125 0.47578125 0.065625 0.0765625
1 0.7296875 0.49140625 0.08125 0.0953125
0 0.5125 0.509375 0.05625 0.04375
1 0.66953125 0.55 0.0921875 0.2
0 0.52734375 0.56796875 0.0671875 0.0890625
1 0.8578125 0.575 0.159375 0.190625
0 0.5578125 0.6359375 0.096875 0.1375
1 0.7421875 0.64375 0.071875 0.171875
1 0.85078125 0.725 0.2078125 0.340625
0 0.59921875 0.8375 0.1359375 0.225
1 0.925 0.846875 0.15 0.30625
0 0.77421875 0.95703125 0.1703125 0.0859375