1 0.3078125 0.38203125 0.0375 0.0484375
0 0.36875 0.4125 0.04375 0.071875
0 0.29296875 0.42734375 0.0421875 0.0453125
0 0.58515625 0.46171875 0.0421875 0.0640625
0 0.69375 0.46796875 0.03125 0.0734375
1 0.64453125 0.49453125 0.0859375 0.1765625
1 0.52265625 0.5140625 0.0546875 0.10625
0 0.34296875 0.5171875 0.0578125 0.0625
1 0.0921875 0.51640625 0.184375 0.2578125
1 0.771875 0.5296875 0.08125 0.1125
0 0.22265625 0.5546875 0.0703125 0.0875
1 0.70390625 0.584375 0.1015625 0.159375
0 0.2953125 0.64921875 0.0875 0.1109375
0 0.56796875 0.671875 0.0859375 0.121875