1 0.6046875 0.38125 0.04375 0.090625
1 0.31953125 0.38359375 0.0421875 0.0796875
0 0.3671875 0.40390625 0.03125 0.0546875
0 0.55859375 0.40625 0.0390625 0.071875
1 0.196875 0.40859375 0.103125 0.1203125
1 0.684375 0.41875 0.109375 0.09375
0 0.28984375 0.41875 0.0453125 0.053125
0 0.5015625 0.421875 0.05 0.0625
0 0.6 0.4625 0.05 0.1
0 0.35546875 0.46328125 0.0609375 0.0765625
0 0.3140625 0.53359375 0.071875 0.1078125
1 0.6890625 0.56875 0.15625 0.221875
0 0.53203125 0.58203125 0.0890625 0.1484375
1 0.865625 0.59375 0.153125 0.28125
0 0.06328125 0.71796875 0.1265625 0.1640625
0 0.6234375 0.78046875 0.134375 0.2390625
0 0.20859375 0.9265625 0.1828125 0.146875