1 0.5796875 0.41875 0.059375 0.121875
1 0.2921875 0.42265625 0.05625 0.1046875
0 0.50546875 0.425 0.0484375 0.084375
0 0.371875 0.4375 0.059375 0.078125
1 0.75625 0.46328125 0.134375 0.1890625
1 0.6734375 0.48125 0.11875 0.16875
0 0.23125 0.5078125 0.08125 0.13125
0 0.5140625 0.52109375 0.034375 0.0953125
0 0.88046875 0.56640625 0.1015625 0.1421875
1 0.1546875 0.61328125 0.121875 0.1765625
1 0.04765625 0.61875 0.0953125 0.24375
1 0.61484375 0.67578125 0.1828125 0.3765625
0 0.2515625 0.7765625 0.140625 0.16875