1 0.23984375 0.38125 0.0828125 0.13125
1 0.578125 0.39921875 0.053125 0.1015625
0 0.37109375 0.4 0.0359375 0.05
0 0.3125 0.40078125 0.0375 0.0484375
0 0.621875 0.40703125 0.034375 0.0609375
1 0.48984375 0.409375 0.0390625 0.05625
1 0.6796875 0.425 0.053125 0.046875
1 0.2515625 0.45078125 0.05625 0.0734375
1 0.61328125 0.4625 0.0546875 0.06875
0 0.50546875 0.46796875 0.0453125 0.0609375
0 0.33203125 0.50859375 0.0640625 0.1046875
1 0.78359375 0.51796875 0.1234375 0.2390625
0 0.2109375 0.546875 0.065625 0.078125
0 0.53046875 0.565625 0.0703125 0.109375
1 0.71796875 0.596875 0.2234375 0.296875
0 0.59921875 0.72890625 0.1078125 0.1703125
0 0.2640625 0.825 0.13125 0.15
0 0.0484375 0.896875 0.096875 0.16875