0 0.33828125 0.353125 0.0265625 0.028125
1 0.5984375 0.359375 0.053125 0.084375
1 0.6609375 0.41484375 0.090625 0.1296875
0 0.5 0.43125 0.04375 0.059375
0 0.57734375 0.43125 0.0484375 0.059375
0 0.725 0.44296875 0.05 0.0640625
0 0.60234375 0.47265625 0.0546875 0.0703125
0 0.51171875 0.47890625 0.0484375 0.0671875
1 0.65859375 0.51875 0.0828125 0.146875
0 0.55078125 0.52890625 0.0671875 0.1078125
0 0.71171875 0.653125 0.1046875 0.1375
0 0.225 0.778125 0.128125 0.15625
1 0.8796875 0.85859375 0.171875 0.2671875