1 0.39140625 0.3265625 0.0265625 0.03125
0 0.3734375 0.384375 0.040625 0.040625
1 0.62265625 0.39453125 0.0390625 0.0640625
1 0.23359375 0.4015625 0.0609375 0.06875
1 0.5734375 0.40625 0.071875 0.115625
1 0.6640625 0.43828125 0.05625 0.0734375
0 0.5 0.45 0.040625 0.059375
0 0.73203125 0.5140625 0.0671875 0.08125
0 0.63046875 0.52109375 0.0734375 0.0921875
0 0.5609375 0.59140625 0.075 0.1046875
1 0.859375 0.60546875 0.1375 0.1984375
0 0.6109375 0.809375 0.125 0.16875
0 0.865625 0.87421875 0.184375 0.2390625