1 0.53828125 0.3515625 0.0484375 0.09375
1 0.48359375 0.36328125 0.0546875 0.1015625
1 0.58203125 0.3703125 0.0359375 0.06875
0 0.38046875 0.3703125 0.0359375 0.05625
0 0.321875 0.3875 0.034375 0.04375
1 0.61484375 0.3921875 0.0421875 0.075
0 0.49921875 0.41796875 0.0453125 0.0640625
0 0.36484375 0.43203125 0.0390625 0.0484375
1 0.1796875 0.43203125 0.13125 0.1765625
0 0.27890625 0.4546875 0.0453125 0.0625
0 0.346875 0.50234375 0.059375 0.0796875
0 0.62109375 0.5421875 0.0671875 0.1
1 0.12265625 0.61328125 0.1984375 0.2640625
1 0.74765625 0.625 0.1578125 0.26875
1 0.89375 0.6359375 0.128125 0.15
0 0.271875 0.67734375 0.103125 0.1453125
0 0.578125 0.69375 0.1 0.18125
1 0.88203125 0.8 0.2015625 0.278125