0 0.390625 0.334375 0.028125 0.034375
1 0.2859375 0.353125 0.0375 0.05625
1 0.5390625 0.37265625 0.04375 0.0703125
0 0.48359375 0.38125 0.0328125 0.040625
0 0.5453125 0.40703125 0.025 0.0515625
0 0.48984375 0.42578125 0.0421875 0.0609375
1 0.653125 0.428125 0.040625 0.0625
1 0.60625 0.44921875 0.1 0.1515625
1 0.7078125 0.48046875 0.075 0.0859375
0 0.51328125 0.49375 0.0546875 0.065625
0 0.80078125 0.5875 0.0890625 0.103125
0 0.6984375 0.61796875 0.096875 0.1109375
0 0.609375 0.73046875 0.1 0.1515625