1 0.3578125 0.33125 0.028125 0.04375
1 0.30078125 0.33203125 0.0359375 0.0640625
0 0.4703125 0.353125 0.034375 0.0375
0 0.48125 0.39140625 0.034375 0.0421875
1 0.56484375 0.390625 0.0828125 0.146875
0 0.61796875 0.40234375 0.0390625 0.0546875
1 0.6765625 0.41640625 0.084375 0.1296875
0 0.49609375 0.43046875 0.0359375 0.0515625
0 0.35234375 0.4328125 0.0453125 0.05625
0 0.52265625 0.50546875 0.0640625 0.0734375
1 0.7890625 0.540625 0.15625 0.175
0 0.55703125 0.621875 0.0828125 0.1125
0 0.6953125 0.621875 0.084375 0.10625