1 0.59921875 0.3625 0.0609375 0.0875
0 0.2796875 0.37109375 0.0375 0.0453125
1 0.54921875 0.3796875 0.0484375 0.1
0 0.4875 0.40625 0.0375 0.05625
1 0.5765625 0.41875 0.059375 0.109375
0 0.35859375 0.42109375 0.0453125 0.0546875
0 0.50625 0.45703125 0.046875 0.0609375
1 0.69375 0.4765625 0.1125 0.10625
0 0.55234375 0.50078125 0.0640625 0.0765625
1 0.21484375 0.515625 0.0890625 0.13125
1 0.54765625 0.603125 0.0921875 0.184375
1 0.92578125 0.74375 0.1484375 0.2375
1 0.82734375 0.803125 0.2015625 0.321875
0 0.64609375 0.83671875 0.1421875 0.2265625