1 0.31484375 0.321875 0.0421875 0.065625
0 0.4765625 0.36328125 0.0375 0.0390625
1 0.54140625 0.3640625 0.0609375 0.09375
0 0.4921875 0.41171875 0.04375 0.0609375
0 0.51171875 0.45703125 0.0484375 0.0609375
0 0.665625 0.465625 0.059375 0.075
0 0.50703125 0.490625 0.0578125 0.08125
0 0.73984375 0.509375 0.0796875 0.0875
0 0.5328125 0.515625 0.053125 0.065625
0 0.6421875 0.53515625 0.065625 0.0828125
0 0.54765625 0.56875 0.0734375 0.103125
0 0.28828125 0.59296875 0.0859375 0.0984375
1 0.89765625 0.646875 0.2046875 0.3375
0 0.5671875 0.66328125 0.0875 0.1359375
0 0.75390625 0.69375 0.1109375 0.165625
0 0.62109375 0.815625 0.1203125 0.16875
1 0.91953125 0.89375 0.1609375 0.2125