0 0.36796875 0.35 0.0234375 0.03125
1 0.2703125 0.36875 0.0375 0.0625
1 0.6296875 0.37578125 0.071875 0.1234375
1 0.31015625 0.38359375 0.0671875 0.0828125
1 0.553125 0.3875 0.046875 0.0875
0 0.37109375 0.41796875 0.0390625 0.0484375
0 0.57109375 0.42421875 0.0328125 0.0515625
1 0.671875 0.434375 0.065625 0.125
0 0.5953125 0.44765625 0.04375 0.0671875
0 0.50234375 0.4625 0.0390625 0.0625
0 0.315625 0.4734375 0.05 0.0625
0 0.5171875 0.4953125 0.059375 0.08125
1 0.62265625 0.509375 0.0671875 0.134375
1 0.7828125 0.51875 0.109375 0.171875
0 0.53046875 0.534375 0.0640625 0.084375
1 0.66796875 0.54921875 0.1078125 0.2015625
0 0.55859375 0.57734375 0.0703125 0.1046875
0 0.20078125 0.61796875 0.1203125 0.1484375
1 0.5359375 0.62265625 0.08125 0.1578125
1 0.76484375 0.65078125 0.0984375 0.1609375
1 0.86328125 0.734375 0.2296875 0.390625
0 0.5734375 0.7421875 0.1 0.175
0 0.61328125 0.8625 0.1359375 0.20625
0 0.22109375 0.9046875 0.1546875 0.190625
0 0.64296875 0.95078125 0.1515625 0.0984375