1 0.61328125 0.38828125 0.0453125 0.0890625
0 0.48984375 0.403125 0.0359375 0.05
0 0.5640625 0.425 0.05 0.05625
1 0.690625 0.43515625 0.115625 0.1671875
1 0.584375 0.45 0.05 0.084375
0 0.5078125 0.46953125 0.05 0.0609375
1 0.1203125 0.484375 0.096875 0.125
1 0.6546875 0.53203125 0.0875 0.1484375
0 0.53828125 0.553125 0.0734375 0.10625
1 0.90859375 0.61953125 0.1828125 0.2265625
0 0.29375 0.6375 0.0875 0.096875
1 0.09921875 0.71796875 0.1984375 0.3609375
0 0.63984375 0.81796875 0.1296875 0.1984375