0 0.3453125 0.3484375 0.03125 0.0375
0 0.571875 0.353125 0.034375 0.040625
0 0.3875 0.35390625 0.03125 0.0328125
0 0.52890625 0.36796875 0.0296875 0.0390625
0 0.58828125 0.37578125 0.0328125 0.0359375
0 0.61953125 0.378125 0.0328125 0.046875
0 0.346875 0.39296875 0.040625 0.0484375
0 0.5546875 0.39921875 0.034375 0.0484375
0 0.490625 0.40625 0.0375 0.04375
1 0.6921875 0.434375 0.115625 0.1875
0 0.5109375 0.45078125 0.053125 0.0765625
1 0.6015625 0.4578125 0.084375 0.13125
0 0.52734375 0.5375 0.0671875 0.09375
0 0.8453125 0.63671875 0.103125 0.1015625
0 0.57109375 0.6875 0.0921875 0.153125
0 0.74765625 0.70390625 0.1015625 0.1296875