1 0.4625 0.309375 0.034375 0.05625
0 0.50234375 0.321875 0.0171875 0.021875
1 0.55078125 0.33359375 0.0296875 0.0453125
0 0.39296875 0.3390625 0.0265625 0.03125
0 0.51171875 0.34375 0.0203125 0.028125
1 0.32734375 0.34453125 0.0546875 0.0859375
0 0.475 0.34453125 0.025 0.0265625
1 0.5890625 0.35390625 0.0375 0.0546875
0 0.52265625 0.3625 0.0203125 0.028125
0 0.484375 0.36953125 0.025 0.0265625
0 0.6265625 0.37265625 0.0375 0.0453125
0 0.37734375 0.37890625 0.0328125 0.0328125
0 0.546875 0.3875 0.028125 0.046875
0 0.615625 0.39921875 0.040625 0.0390625
0 0.56015625 0.4 0.0390625 0.059375
0 0.49140625 0.40390625 0.0328125 0.0421875
0 0.36640625 0.40546875 0.0390625 0.0484375
1 0.26484375 0.41875 0.0921875 0.134375
0 0.6921875 0.4796875 0.05 0.0625
0 0.79921875 0.503125 0.0578125 0.071875
1 0.63828125 0.51015625 0.0921875 0.1546875
1 0.10390625 0.53203125 0.1109375 0.1390625
0 0.76328125 0.553125 0.0640625 0.071875
0 0.31796875 0.596875 0.0796875 0.10625
0 0.53984375 0.59765625 0.0765625 0.1078125
0 0.23046875 0.74375 0.1171875 0.14375
1 0.83984375 0.81953125 0.3203125 0.3609375