1 0.35390625 0.2875 0.0359375 0.05
0 0.39609375 0.321875 0.0296875 0.0375
1 0.4671875 0.33046875 0.04375 0.0640625
1 0.51640625 0.3375 0.0515625 0.08125
0 0.46953125 0.359375 0.0265625 0.03125
0 0.375 0.365625 0.034375 0.05
1 0.546875 0.365625 0.0625 0.090625
1 0.6 0.3671875 0.0625 0.1
0 0.4796875 0.36875 0.034375 0.0375
0 0.33359375 0.375 0.0359375 0.05
0 0.2390625 0.38828125 0.075 0.0890625
0 0.48046875 0.3953125 0.0328125 0.04375
0 0.48828125 0.4078125 0.0328125 0.03125
0 0.553125 0.4140625 0.040625 0.04375
0 0.6296875 0.41328125 0.03125 0.0484375
1 0.6953125 0.4203125 0.128125 0.14375
0 0.49765625 0.434375 0.0515625 0.05625
0 0.58203125 0.45625 0.0515625 0.078125
0 0.6109375 0.5046875 0.0625 0.0875
0 0.52109375 0.5375 0.0671875 0.10625
1 0.81328125 0.709375 0.3109375 0.428125
0 0.5890625 0.73828125 0.125 0.1890625