0 0.578125 0.359375 0.034375 0.053125
0 0.53046875 0.371875 0.0296875 0.040625
0 0.5984375 0.38359375 0.034375 0.0421875
1 0.634375 0.38984375 0.04375 0.0578125
0 0.5609375 0.41328125 0.034375 0.0484375
0 0.490625 0.41875 0.0375 0.053125
1 0.71328125 0.446875 0.1203125 0.2
0 0.515625 0.47421875 0.059375 0.0765625
1 0.6171875 0.478125 0.096875 0.13125
1 0.0640625 0.5296875 0.128125 0.15
0 0.54453125 0.58828125 0.0796875 0.1140625
0 0.89921875 0.70078125 0.1296875 0.1234375
0 0.59140625 0.76640625 0.1078125 0.1796875
0 0.821875 0.82421875 0.14375 0.1640625