1 0.5078125 0.31875 0.034375 0.06875
0 0.56484375 0.31875 0.0203125 0.0375
0 0.39609375 0.33671875 0.0328125 0.0390625
0 0.58515625 0.34140625 0.0296875 0.0421875
1 0.26953125 0.353125 0.0453125 0.0875
0 0.47265625 0.359375 0.0390625 0.05
0 0.38125 0.3703125 0.034375 0.04375
1 0.32109375 0.3796875 0.0734375 0.125
1 0.615625 0.3875 0.040625 0.071875
0 0.4953125 0.403125 0.0375 0.04375
0 0.37421875 0.4125 0.0453125 0.084375
1 0.6515625 0.41953125 0.059375 0.1109375
0 0.5765625 0.42265625 0.05625 0.0796875
0 0.71953125 0.446875 0.0609375 0.06875
0 0.50390625 0.45546875 0.0640625 0.0765625
0 0.178125 0.45703125 0.071875 0.0765625
0 0.26328125 0.47890625 0.0609375 0.0828125
0 0.34296875 0.49765625 0.0703125 0.0921875
0 0.64296875 0.52734375 0.0734375 0.1078125
0 0.10546875 0.53046875 0.0796875 0.0984375
0 0.86328125 0.55625 0.0984375 0.103125
0 0.55234375 0.59609375 0.1015625 0.1296875
0 0.16484375 0.62421875 0.1015625 0.1359375
0 0.315625 0.63125 0.10625 0.13125
1 0.75546875 0.66640625 0.1546875 0.2828125
0 0.87578125 0.67265625 0.0984375 0.1328125
0 0.653125 0.84375 0.165625 0.246875
1 0.94921875 0.878125 0.1015625 0.24375
1 0.95078125 0.878125 0.0984375 0.24375
0 0.15234375 0.93515625 0.2140625 0.1296875