1 0.34375 0.284375 0.01875 0.03125
1 0.365625 0.29609375 0.01875 0.0296875
1 0.496875 0.303125 0.03125 0.03125
0 0.5296875 0.31015625 0.0125 0.0203125
0 0.4625 0.315625 0.01875 0.0375
0 0.325 0.31875 0.015625 0.03125
1 0.3546875 0.3234375 0.028125 0.05
0 0.39609375 0.33671875 0.0171875 0.0234375
0 0.5078125 0.3375 0.021875 0.03125
0 0.303125 0.3375 0.01875 0.025
0 0.475 0.346875 0.025 0.03125
0 0.38828125 0.3625 0.0203125 0.03125
1 0.2390625 0.36953125 0.0625 0.1140625
0 0.5328125 0.36953125 0.021875 0.0484375
1 0.3046875 0.38984375 0.053125 0.0921875
1 0.57734375 0.38984375 0.0734375 0.1203125
0 0.4875 0.390625 0.0375 0.053125
0 0.371875 0.39609375 0.03125 0.0421875
0 0.50625 0.45390625 0.05625 0.0578125
0 0.31171875 0.5375 0.0734375 0.096875
1 0.7015625 0.5453125 0.153125 0.29375
0 0.6375 0.9015625 0.1 0.196875