0 0.3734375 0.30390625 0.03125 0.0296875
1 0.3203125 0.31015625 0.046875 0.0671875
0 0.3984375 0.321875 0.040625 0.05
0 0.38671875 0.34765625 0.0515625 0.0671875
1 0.54296875 0.3734375 0.0828125 0.1125
0 0.67734375 0.440625 0.0515625 0.075
0 0.35703125 0.44765625 0.0609375 0.0703125
0 0.503125 0.46953125 0.05 0.0765625
1 0.615625 0.475 0.090625 0.14375
0 0.734375 0.49921875 0.075 0.1015625
0 0.5375 0.5515625 0.071875 0.10625
0 0.6828125 0.59375 0.115625 0.15
0 0.9125 0.61328125 0.090625 0.1265625
0 0.57265625 0.66015625 0.1140625 0.1671875
1 0.925 0.72109375 0.15 0.3046875
0 0.63125 0.8953125 0.1625 0.209375