0 0.46875 0.31796875 0.034375 0.0390625
0 0.39609375 0.3265625 0.0203125 0.03125
1 0.33203125 0.33125 0.0546875 0.09375
0 0.38984375 0.35234375 0.0359375 0.0453125
0 0.5296875 0.36796875 0.040625 0.0515625
0 0.48046875 0.384375 0.0328125 0.046875
1 0.303125 0.38515625 0.05625 0.0921875
0 0.3734375 0.40625 0.04375 0.046875
0 0.58203125 0.43515625 0.0546875 0.0796875
0 0.3390625 0.478125 0.0625 0.075
1 0.671875 0.52109375 0.10625 0.1953125
1 0.065625 0.525 0.13125 0.121875
1 0.1890625 0.6 0.140625 0.3125
0 0.58125 0.69375 0.103125 0.1375