1 0.62109375 0.35625 0.0734375 0.0625
0 0.28046875 0.3625 0.0328125 0.040625
1 0.5390625 0.36796875 0.0625 0.1015625
0 0.36484375 0.38359375 0.0328125 0.0421875
0 0.484375 0.40859375 0.040625 0.0546875
0 0.55859375 0.42265625 0.0265625 0.0578125
1 0.6875 0.43984375 0.06875 0.1171875
1 0.61640625 0.4578125 0.1109375 0.16875
0 0.50859375 0.46171875 0.0546875 0.0734375
0 0.3390625 0.503125 0.06875 0.078125
1 0.20546875 0.51875 0.1328125 0.2
1 0.09296875 0.521875 0.1046875 0.128125
0 0.7421875 0.5296875 0.06875 0.0875
0 0.5390625 0.56640625 0.075 0.1078125
0 0.26328125 0.75 0.1171875 0.15
0 0.60234375 0.75703125 0.1140625 0.1765625
1 0.040625 0.79765625 0.08125 0.2328125