1 0.33203125 0.35625 0.0359375 0.04375
1 0.25625 0.359375 0.071875 0.090625
0 0.38203125 0.378125 0.0359375 0.040625
1 0.6328125 0.384375 0.0625 0.1125
0 0.31484375 0.3953125 0.0359375 0.04375
1 0.57421875 0.39921875 0.0859375 0.1140625
0 0.49453125 0.41953125 0.0359375 0.0609375
1 0.26640625 0.44453125 0.0671875 0.1234375
0 0.3390625 0.49765625 0.065625 0.0703125
0 0.52734375 0.55625 0.0703125 0.096875
1 0.078125 0.5625 0.15625 0.321875
1 0.7375 0.5921875 0.178125 0.3125
0 0.18046875 0.59921875 0.0921875 0.1109375
0 0.2828125 0.66796875 0.09375 0.1359375