1 0.3109375 0.33125 0.034375 0.059375
0 0.3453125 0.340625 0.028125 0.040625
0 0.38828125 0.35 0.0296875 0.046875
0 0.47890625 0.3640625 0.0421875 0.04375
1 0.55859375 0.3796875 0.0640625 0.1125
0 0.35546875 0.38515625 0.0453125 0.0546875
0 0.4890625 0.4046875 0.053125 0.05
1 0.6015625 0.453125 0.08125 0.1625
0 0.5125 0.46328125 0.0625 0.0640625
0 0.2484375 0.465625 0.0625 0.06875
0 0.52265625 0.53359375 0.0734375 0.0921875
1 0.8375 0.5625 0.159375 0.209375
1 0.7296875 0.5875 0.190625 0.309375
0 0.5578125 0.6375 0.10625 0.115625
1 0.07578125 0.74921875 0.1515625 0.2515625
0 0.58046875 0.75390625 0.1203125 0.1703125
0 0.646875 0.90078125 0.1625 0.1890625