1 0.5734375 0.35390625 0.0375 0.0453125
0 0.34453125 0.359375 0.0296875 0.034375
0 0.378125 0.36328125 0.03125 0.0359375
0 0.47421875 0.36953125 0.0328125 0.0390625
1 0.2296875 0.39453125 0.059375 0.0890625
0 0.365625 0.39609375 0.034375 0.0453125
0 0.48984375 0.39921875 0.0359375 0.0390625
1 0.28984375 0.4 0.0734375 0.096875
0 0.509375 0.4375 0.046875 0.05625
0 0.33671875 0.49609375 0.0546875 0.0703125
0 0.53125 0.5 0.059375 0.096875
0 0.24453125 0.51640625 0.0609375 0.0703125
0 0.59921875 0.71953125 0.1078125 0.1640625
1 0.884375 0.7734375 0.23125 0.453125
0 0.2375 0.871875 0.15 0.1875