0 0.35078125 0.34296875 0.0265625 0.0390625
1 0.284375 0.35 0.053125 0.08125
0 0.37421875 0.3828125 0.0328125 0.04375
0 0.49296875 0.40234375 0.0421875 0.0421875
1 0.57265625 0.415625 0.0578125 0.096875
0 0.4890625 0.42578125 0.034375 0.0484375
0 0.66171875 0.42890625 0.0515625 0.0578125
0 0.50625 0.459375 0.046875 0.0625
0 0.60625 0.47578125 0.05 0.0640625
0 0.7203125 0.478125 0.0625 0.071875
0 0.52890625 0.5375 0.0671875 0.090625
0 0.3140625 0.56875 0.078125 0.1
1 0.8734375 0.59765625 0.21875 0.2328125
0 0.55390625 0.65625 0.0953125 0.140625
0 0.78359375 0.76328125 0.1359375 0.1734375
0 0.65703125 0.9140625 0.1546875 0.171875