0 0.38125 0.3625 0.0375 0.046875
0 0.475 0.37890625 0.040625 0.0546875
1 0.55859375 0.38203125 0.0734375 0.1234375
1 0.30390625 0.38671875 0.0703125 0.0984375
0 0.37109375 0.40625 0.0390625 0.05
1 0.65234375 0.40703125 0.0859375 0.1140625
0 0.50234375 0.46171875 0.0484375 0.0765625
1 0.2234375 0.46484375 0.075 0.0953125
0 0.34453125 0.48125 0.0609375 0.06875
0 0.6171875 0.4921875 0.059375 0.1
1 0.77578125 0.5140625 0.0765625 0.14375
1 0.721875 0.584375 0.190625 0.28125
0 0.578125 0.61015625 0.090625 0.1328125
0 0.890625 0.67265625 0.11875 0.1296875
0 0.271875 0.690625 0.109375 0.1125
0 0.6421875 0.85625 0.153125 0.23125