1 0.3828125 0.284375 0.025 0.034375
0 0.39921875 0.31015625 0.0171875 0.0203125
0 0.36640625 0.3171875 0.0203125 0.025
0 0.3953125 0.33046875 0.021875 0.0234375
1 0.5546875 0.33046875 0.03125 0.0484375
0 0.4703125 0.33125 0.021875 0.025
1 0.3578125 0.334375 0.021875 0.0375
1 0.33203125 0.34609375 0.0484375 0.0703125
0 0.49453125 0.35390625 0.0265625 0.0328125
0 0.39140625 0.359375 0.0265625 0.03125
0 0.5375 0.3640625 0.025 0.03125
1 0.259375 0.36796875 0.040625 0.0515625
1 0.31015625 0.38984375 0.0453125 0.0578125
0 0.521875 0.38984375 0.03125 0.0421875
0 0.365625 0.40546875 0.034375 0.0390625
0 0.49296875 0.40859375 0.0359375 0.0453125
1 0.21953125 0.409375 0.0640625 0.071875
0 0.56875 0.41484375 0.04375 0.0546875
0 0.35390625 0.45 0.0421875 0.059375
0 0.27421875 0.45625 0.0453125 0.071875
0 0.61484375 0.46953125 0.0265625 0.0359375
0 0.81640625 0.50625 0.0796875 0.10625
1 0.1984375 0.54765625 0.09375 0.1296875
1 0.08125 0.5484375 0.096875 0.125
0 0.30078125 0.59921875 0.0828125 0.1015625
1 0.584375 0.60546875 0.171875 0.3140625
0 0.7265625 0.64140625 0.1 0.1203125
1 0.93671875 0.69765625 0.1265625 0.2453125
0 0.16015625 0.778125 0.1390625 0.15
0 0.834375 0.80703125 0.1375 0.1890625