0 0.35 0.34609375 0.028125 0.0421875
0 0.47890625 0.375 0.0296875 0.03125
1 0.64375 0.38359375 0.084375 0.1296875
1 0.5671875 0.40625 0.071875 0.090625
0 0.49765625 0.4125 0.0390625 0.05625
0 0.29609375 0.41796875 0.0421875 0.0609375
0 0.503125 0.465625 0.04375 0.059375
0 0.35234375 0.471875 0.0484375 0.0625
0 0.6390625 0.5375 0.065625 0.075
0 0.5296875 0.546875 0.065625 0.1
1 0.84765625 0.740625 0.3046875 0.51875
0 0.12890625 0.740625 0.1265625 0.140625
0 0.62265625 0.84296875 0.1203125 0.1859375