1 0.2578125 0.36875 0.040625 0.059375
0 0.47890625 0.375 0.0328125 0.046875
0 0.384375 0.3890625 0.034375 0.04375
0 0.6109375 0.3984375 0.0375 0.05
1 0.22734375 0.40078125 0.0546875 0.0734375
0 0.559375 0.40234375 0.0375 0.0578125
0 0.659375 0.43828125 0.053125 0.0609375
1 0.24140625 0.46171875 0.0765625 0.1140625
0 0.5109375 0.48515625 0.05625 0.0796875
0 0.34296875 0.496875 0.0578125 0.06875
0 0.1328125 0.5 0.0625 0.0875
1 0.18515625 0.5421875 0.1015625 0.1625
0 0.640625 0.55078125 0.06875 0.0890625
1 0.80078125 0.5640625 0.1796875 0.18125
0 0.55078125 0.59375 0.0765625 0.103125
0 0.296875 0.6375 0.084375 0.090625
0 0.76953125 0.709375 0.1140625 0.128125
0 0.2296875 0.828125 0.1375 0.165625