1 0.61640625 0.365625 0.0484375 0.09375
1 0.546875 0.375 0.053125 0.075
0 0.225 0.41875 0.05 0.04375
0 0.56953125 0.421875 0.0484375 0.053125
1 0.6765625 0.42265625 0.075 0.1046875
0 0.596875 0.44296875 0.053125 0.0484375
0 0.34375 0.453125 0.053125 0.0875
0 0.5109375 0.47578125 0.059375 0.0609375
1 0.74609375 0.478125 0.1015625 0.134375
1 0.6171875 0.4984375 0.071875 0.1125
0 0.52890625 0.50078125 0.0453125 0.0484375
0 0.22265625 0.5375 0.0828125 0.096875
1 0.66328125 0.54609375 0.1046875 0.1828125
0 0.334375 0.553125 0.071875 0.0875
1 0.5265625 0.58671875 0.06875 0.1390625
1 0.53359375 0.58671875 0.0734375 0.1265625
1 0.72265625 0.63203125 0.0484375 0.1390625
0 0.54765625 0.678125 0.0046875 0.00625
0 0.5765625 0.70625 0.1 0.125
1 0.85546875 0.72734375 0.2328125 0.3671875
0 0.609375 0.834375 0.115625 0.146875
0 0.93359375 0.8484375 0.1328125 0.303125
0 0.64765625 0.9484375 0.1390625 0.103125