1 0.31953125 0.315625 0.0484375 0.0625
1 0.54140625 0.359375 0.0578125 0.090625
0 0.4796875 0.36640625 0.03125 0.0421875
0 0.49375 0.41328125 0.040625 0.0515625
0 0.51484375 0.453125 0.0453125 0.05
0 0.6765625 0.47265625 0.065625 0.0703125
0 0.5046875 0.4875 0.059375 0.075
0 0.5296875 0.5125 0.059375 0.0625
0 0.753125 0.521875 0.078125 0.08125
0 0.30703125 0.55 0.0828125 0.090625
0 0.65390625 0.55234375 0.0703125 0.0953125
0 0.54765625 0.56875 0.0828125 0.109375
0 0.56875 0.671875 0.09375 0.13125
1 0.91015625 0.69765625 0.1796875 0.3953125
0 0.79140625 0.74140625 0.1234375 0.1828125
0 0.62734375 0.825 0.1296875 0.178125