1 0.36015625 0.30625 0.0328125 0.05625
0 0.403125 0.30546875 0.01875 0.0234375
0 0.565625 0.321875 0.025 0.034375
1 0.47109375 0.3296875 0.0453125 0.075
1 0.33359375 0.334375 0.0421875 0.071875
0 0.39453125 0.3359375 0.0265625 0.0375
0 0.51953125 0.34921875 0.0234375 0.0234375
1 0.27578125 0.3625 0.0390625 0.059375
1 0.5828125 0.3625 0.0375 0.0625
0 0.53046875 0.378125 0.0265625 0.0375
0 0.378125 0.3796875 0.03125 0.0375
0 0.49140625 0.38359375 0.0390625 0.0421875
0 0.63828125 0.384375 0.0265625 0.03125
0 0.34921875 0.40546875 0.0390625 0.0484375
0 0.5625 0.42109375 0.0375 0.0453125
0 0.69375 0.42265625 0.025 0.0421875
1 0.66171875 0.425 0.0515625 0.0875
0 0.60390625 0.465625 0.0421875 0.05625
0 0.515625 0.47109375 0.05 0.0703125
0 0.24765625 0.484375 0.0578125 0.065625
0 0.7859375 0.48984375 0.053125 0.0578125
0 0.340625 0.49296875 0.065625 0.0859375
0 0.659375 0.55546875 0.0875 0.1359375
0 0.78125 0.56484375 0.0875 0.0921875
0 0.575 0.621875 0.084375 0.134375
0 0.14296875 0.65390625 0.1015625 0.1296875
1 0.90390625 0.85078125 0.1921875 0.2984375
0 0.21796875 0.915625 0.1578125 0.159375