0 0.38203125 0.37265625 0.0453125 0.0546875
0 0.47890625 0.3765625 0.0515625 0.05625
1 0.5578125 0.378125 0.0875 0.109375
1 0.2203125 0.384375 0.096875 0.1375
1 0.29921875 0.3859375 0.0890625 0.125
1 0.62109375 0.390625 0.0703125 0.096875
0 0.35703125 0.46875 0.0609375 0.0875
1 0.24453125 0.47578125 0.1140625 0.1984375
1 0.715625 0.4859375 0.096875 0.1375
0 0.5171875 0.49375 0.065625 0.09375
0 0.11875 0.52109375 0.096875 0.1078125
1 0.921875 0.684375 0.15625 0.3
0 0.290625 0.696875 0.1375 0.203125
0 0.615625 0.71875 0.1375 0.215625
0 0.82109375 0.77734375 0.1609375 0.2421875