0 0.38515625 0.34140625 0.0328125 0.0421875
1 0.5359375 0.3484375 0.05625 0.1125
1 0.6390625 0.37265625 0.0625 0.0828125
0 0.59140625 0.37890625 0.0359375 0.0453125
1 0.30234375 0.396875 0.0515625 0.065625
0 0.49140625 0.41640625 0.0390625 0.0453125
1 0.69609375 0.43125 0.0828125 0.09375
0 0.61484375 0.43515625 0.0421875 0.0546875
0 0.50546875 0.4625 0.0484375 0.053125
0 0.34609375 0.46796875 0.0515625 0.0515625
1 0.6609375 0.48203125 0.096875 0.1359375
0 0.52578125 0.559375 0.0703125 0.0875
1 0.8203125 0.73125 0.296875 0.459375
0 0.59765625 0.753125 0.1203125 0.209375