1 0.25703125 0.37109375 0.0421875 0.0578125
0 0.48828125 0.396875 0.0359375 0.053125
1 0.27578125 0.41875 0.0578125 0.096875
0 0.36484375 0.42421875 0.0421875 0.0484375
0 0.6328125 0.425 0.04375 0.059375
0 0.578125 0.43046875 0.040625 0.0640625
0 0.1984375 0.43515625 0.046875 0.0703125
0 0.7171875 0.43828125 0.053125 0.0609375
1 0.24765625 0.4609375 0.0671875 0.125
0 0.69609375 0.47734375 0.0671875 0.0796875
0 0.34296875 0.49453125 0.0546875 0.0609375
0 0.528125 0.5484375 0.06875 0.1
0 0.13515625 0.565625 0.0859375 0.096875
0 0.315625 0.575 0.075 0.090625
0 0.70234375 0.65390625 0.0921875 0.1203125
1 0.89140625 0.67890625 0.2171875 0.2421875
0 0.26640625 0.70703125 0.1109375 0.1390625
0 0.6 0.73359375 0.1125 0.1546875
0 0.9140625 0.9125 0.171875 0.175
0 0.09921875 0.925 0.1765625 0.15