0 0.39375 0.33203125 0.03125 0.0359375
1 0.35078125 0.3375 0.0390625 0.05
1 0.27890625 0.353125 0.0453125 0.065625
1 0.56015625 0.3765625 0.0703125 0.13125
0 0.61484375 0.39765625 0.0390625 0.0546875
1 0.66796875 0.40625 0.0796875 0.115625
0 0.48828125 0.415625 0.0359375 0.053125
0 0.51015625 0.47578125 0.0578125 0.0640625
1 0.7671875 0.509375 0.128125 0.146875
0 0.32265625 0.51875 0.0671875 0.075
0 0.65703125 0.55546875 0.0703125 0.0859375
0 0.54140625 0.56875 0.0734375 0.090625
0 0.61484375 0.84296875 0.1265625 0.1984375