0 0.3859375 0.3484375 0.028125 0.0375
0 0.5015625 0.3625 0.021875 0.0375
0 0.47890625 0.37734375 0.0234375 0.0296875
1 0.521875 0.384375 0.025 0.040625
0 0.48671875 0.39921875 0.0234375 0.0265625
0 0.5671875 0.40703125 0.03125 0.0390625
0 0.534375 0.41640625 0.028125 0.0328125
0 0.4875 0.42109375 0.03125 0.0296875
1 0.63125 0.45 0.0625 0.09375
0 0.5109375 0.459375 0.040625 0.05625
0 0.5671875 0.46015625 0.046875 0.0546875
0 0.62734375 0.54765625 0.0734375 0.1203125
0 0.54765625 0.59296875 0.0703125 0.1015625
0 0.68046875 0.63203125 0.0859375 0.1265625
1 0.8828125 0.80859375 0.234375 0.3578125