0 0.3875 0.3609375 0.03125 0.025
0 0.475 0.3625 0.01875 0.0375
0 0.47734375 0.3875 0.0265625 0.025
0 0.53828125 0.421875 0.0296875 0.040625
0 0.36484375 0.428125 0.0515625 0.0625
0 0.3984375 0.45546875 0.071875 0.0640625
0 0.57109375 0.475 0.0328125 0.034375
0 0.3015625 0.49375 0.090625 0.071875
0 0.53203125 0.54609375 0.0484375 0.0453125
0 0.61015625 0.54609375 0.0359375 0.0453125
0 0.33828125 0.6359375 0.1015625 0.1
1 0.04765625 0.7125 0.0953125 0.16875
0 0.64375 0.76328125 0.003125 0.0015625
0 0.6640625 0.809375 0.046875 0.065625
0 0.95859375 0.95390625 0.0828125 0.0921875