0 0.3875 0.3609375 0.03125 0.025
0 0.475 0.3625 0.01875 0.0375
0 0.47734375 0.3875 0.0265625 0.025
0 0.4015625 0.41328125 0.071875 0.0640625
0 0.36484375 0.415625 0.0515625 0.0625
0 0.53828125 0.421875 0.0296875 0.040625
0 0.315625 0.46640625 0.090625 0.0703125
0 0.57109375 0.475 0.0328125 0.034375
0 0.63125 0.51875 0.040625 0.05
0 0.36796875 0.5359375 0.1015625 0.1
0 0.559375 0.6125 0.071875 0.1
1 0.0875 0.615625 0.08125 0.13125
0 0.67890625 0.621875 0.0796875 0.084375
0 0.2953125 0.740625 0.096875 0.13125
1 0.11640625 0.7421875 0.2015625 0.2125
0 0.64375 0.76328125 0.003125 0.0015625
0 0.7109375 0.91484375 0.140625 0.1453125
0 0.1046875 0.92734375 0.078125 0.1296875
0 0.95859375 0.95390625 0.0828125 0.0921875