0 0.38046875 0.35703125 0.0296875 0.0359375
0 0.50625 0.3765625 0.025 0.03125
0 0.55078125 0.3875 0.0265625 0.04375
0 0.48671875 0.396875 0.0203125 0.025
0 0.528125 0.40546875 0.021875 0.0359375
0 0.55234375 0.440625 0.0296875 0.05
0 0.49375 0.446875 0.040625 0.059375
0 0.56875 0.47109375 0.0375 0.0546875
0 0.65 0.478125 0.028125 0.053125
1 0.61953125 0.49453125 0.0765625 0.1390625
0 0.53828125 0.571875 0.0734375 0.1
0 0.73125 0.69765625 0.1125 0.1546875
0 0.9390625 0.79765625 0.121875 0.1546875