0 0.51015625 0.35546875 0.0296875 0.0390625
0 0.3875 0.3609375 0.03125 0.025
0 0.475 0.3625 0.01875 0.0375
0 0.47734375 0.3875 0.0265625 0.025
0 0.4015625 0.41328125 0.071875 0.0640625
0 0.36484375 0.415625 0.0515625 0.0625
0 0.3296875 0.44609375 0.090625 0.0703125
0 0.57109375 0.475 0.0328125 0.034375
0 0.37109375 0.5125 0.1015625 0.1
1 0.1296875 0.56875 0.08125 0.13125
0 0.7140625 0.596875 0.109375 0.0625
1 0.209375 0.64140625 0.1375 0.2046875
0 0.3203125 0.653125 0.096875 0.13125
0 0.71953125 0.703125 0.0796875 0.084375
0 0.5984375 0.721875 0.071875 0.1
0 0.64375 0.76328125 0.003125 0.0015625
0 0.7109375 0.91484375 0.140625 0.1453125
0 0.1046875 0.92734375 0.078125 0.1296875
0 0.95859375 0.95390625 0.0828125 0.0921875