1 0.34375 0.3875 0.034375 0.040625
0 0.5171875 0.4015625 0.034375 0.03125
1 0.3234375 0.40703125 0.040625 0.0515625
1 0.28359375 0.4234375 0.0453125 0.0625
0 0.35859375 0.4421875 0.0390625 0.05
0 0.40234375 0.44921875 0.0359375 0.0515625
0 0.50546875 0.44921875 0.0296875 0.0609375
1 0.24375 0.47421875 0.08125 0.0984375
0 0.38515625 0.51796875 0.0578125 0.0609375
1 0.25859375 0.528125 0.1171875 0.1625
0 0.35703125 0.57109375 0.0671875 0.0578125
1 0.1515625 0.65 0.221875 0.29375
0 0.33828125 0.65390625 0.1078125 0.1078125
0 0.28984375 0.759375 0.1171875 0.121875
1 0.05703125 0.86640625 0.1140625 0.2671875
0 0.2640625 0.9125 0.1625 0.175