1 0.328125 0.4 0.034375 0.059375
1 0.36875 0.40390625 0.0375 0.0546875
0 0.409375 0.42578125 0.028125 0.0390625
1 0.28203125 0.428125 0.0703125 0.1
1 0.59453125 0.43515625 0.0421875 0.0453125
0 0.403125 0.46640625 0.0375 0.0421875
1 0.22578125 0.4796875 0.1109375 0.1625
1 0.2953125 0.496875 0.09375 0.153125
0 0.17890625 0.5046875 0.0421875 0.05
0 0.37421875 0.525 0.0515625 0.053125
0 0.35234375 0.59375 0.0640625 0.08125
1 0.1140625 0.63125 0.121875 0.14375
0 0.21484375 0.665625 0.0921875 0.096875
1 0.3359375 0.6921875 0.0875 0.125
0 0.29609375 0.83359375 0.1140625 0.1453125