1 0.271875 0.45234375 0.053125 0.0828125
1 0.31875 0.47578125 0.05625 0.0984375
0 0.39140625 0.49296875 0.0390625 0.0609375
1 0.61796875 0.51953125 0.1109375 0.1515625
1 0.71484375 0.525 0.0828125 0.11875
1 0.15 0.55 0.1375 0.184375
0 0.375 0.5515625 0.059375 0.08125
0 0.28515625 0.578125 0.0578125 0.06875
0 0.54921875 0.609375 0.0734375 0.115625
0 0.83828125 0.68515625 0.1078125 0.1328125
0 0.325 0.72109375 0.10625 0.1296875
1 0.09140625 0.8265625 0.1828125 0.346875
0 0.2390625 0.9515625 0.159375 0.096875