1 0.33828125 0.3984375 0.0265625 0.0375
1 0.30859375 0.42734375 0.0359375 0.0453125
0 0.35546875 0.428125 0.0296875 0.034375
1 0.40234375 0.44453125 0.0296875 0.0390625
0 0.3296875 0.453125 0.028125 0.028125
0 0.39375 0.48046875 0.0375 0.0484375
0 0.33203125 0.48125 0.0359375 0.040625
1 0.2171875 0.5 0.065625 0.096875
1 0.721875 0.528125 0.1 0.153125
0 0.3796875 0.540625 0.05 0.059375
1 0.275 0.54140625 0.071875 0.1078125
1 0.15234375 0.55234375 0.0921875 0.1046875
1 0.06015625 0.653125 0.1203125 0.190625
1 0.1375 0.72109375 0.14375 0.1828125
0 0.303125 0.80859375 0.109375 0.1421875