0 0.4875 0.39375 0.021875 0.025
1 0.5328125 0.40703125 0.028125 0.0515625
1 0.5953125 0.421875 0.053125 0.08125
0 0.4984375 0.428125 0.028125 0.04375
1 0.33984375 0.43125 0.0578125 0.096875
0 0.40546875 0.4390625 0.0265625 0.03125
0 0.39140625 0.46640625 0.0265625 0.0421875
0 0.56015625 0.51640625 0.0546875 0.1046875
1 0.25546875 0.53203125 0.1234375 0.1984375
0 0.3640625 0.56484375 0.0625 0.0796875
1 0.11796875 0.596875 0.0828125 0.125
0 0.55234375 0.60625 0.0671875 0.115625
0 0.328125 0.63203125 0.0875 0.0984375
1 0.103125 0.76015625 0.20625 0.2953125
0 0.2734375 0.875 0.134375 0.165625