1 0.35625 0.40625 0.05 0.075
0 0.40078125 0.44375 0.0296875 0.03125
0 0.50078125 0.44453125 0.0359375 0.0484375
1 0.640625 0.45859375 0.071875 0.1046875
1 0.31484375 0.459375 0.0734375 0.121875
0 0.38828125 0.490625 0.0421875 0.05625
1 0.21328125 0.51796875 0.0796875 0.0984375
0 0.3734375 0.525 0.053125 0.0625
1 0.24765625 0.55234375 0.1015625 0.1328125
0 0.55703125 0.578125 0.0609375 0.0875
1 0.1234375 0.603125 0.10625 0.125
0 0.3421875 0.64140625 0.06875 0.0921875
0 0.3046875 0.81171875 0.109375 0.1390625