0 0.325 0.3875 0.025 0.03125
0 0.41484375 0.409375 0.0171875 0.028125
0 0.36953125 0.41484375 0.0234375 0.0421875
0 0.4890625 0.415625 0.015625 0.025
0 0.4046875 0.43828125 0.01875 0.0359375
0 0.3484375 0.446875 0.025 0.05625
0 0.39765625 0.45625 0.0234375 0.04375
1 0.23046875 0.46171875 0.0703125 0.1109375
1 0.31484375 0.47265625 0.0578125 0.0953125
0 0.5140625 0.47578125 0.0375 0.0515625
0 0.59609375 0.47890625 0.0359375 0.0453125
0 0.4015625 0.48125 0.03125 0.059375
1 0.27734375 0.51953125 0.0703125 0.1234375
0 0.35234375 0.56796875 0.0640625 0.0890625
1 0.11953125 0.5765625 0.1578125 0.19375
0 0.68046875 0.6234375 0.0890625 0.1375
0 0.3484375 0.625 0.0625 0.084375
0 0.7828125 0.63203125 0.090625 0.1140625
1 0.1109375 0.78125 0.221875 0.31875
0 0.26953125 0.83671875 0.1203125 0.1640625