0 0.359375 0.425 0.028125 0.040625
0 0.4921875 0.428125 0.03125 0.0375
1 0.5890625 0.42734375 0.040625 0.0671875
0 0.40234375 0.43046875 0.0296875 0.0359375
1 0.29921875 0.440625 0.0421875 0.053125
0 0.55078125 0.44296875 0.0359375 0.0390625
0 0.33984375 0.45859375 0.0328125 0.0421875
0 0.40234375 0.46875 0.0359375 0.040625
0 0.24609375 0.48828125 0.0453125 0.0390625
0 0.3234375 0.490625 0.040625 0.04375
0 0.50703125 0.490625 0.0421875 0.053125
0 0.38203125 0.51171875 0.0453125 0.0484375
0 0.6609375 0.515625 0.065625 0.078125
0 0.303125 0.525 0.053125 0.065625
0 0.375 0.559375 0.046875 0.059375
1 0.125 0.56484375 0.14375 0.1921875
1 0.24453125 0.565625 0.0984375 0.128125
0 0.5453125 0.57265625 0.059375 0.0921875
1 0.65703125 0.58671875 0.0953125 0.1234375
0 0.38125 0.60546875 0.065625 0.0859375
1 0.1953125 0.640625 0.11875 0.15625
1 0.03984375 0.671875 0.0796875 0.190625
0 0.309375 0.68828125 0.1 0.1109375
0 0.28984375 0.809375 0.1046875 0.13125
1 0.096875 0.82578125 0.19375 0.3484375
0 0.23046875 0.9390625 0.1578125 0.121875