1 0.50625 0.36875 0.025 0.046875
1 0.35 0.37421875 0.03125 0.0484375
1 0.36640625 0.40625 0.0296875 0.04375
0 0.4 0.4078125 0.025 0.01875
0 0.48671875 0.40703125 0.0203125 0.0234375
1 0.32109375 0.4140625 0.0328125 0.04375
0 0.3984375 0.42890625 0.028125 0.0296875
1 0.34921875 0.4359375 0.0359375 0.0625
0 0.30390625 0.4375 0.0265625 0.034375
0 0.2515625 0.45 0.034375 0.034375
0 0.403125 0.45 0.03125 0.034375
0 0.3296875 0.46796875 0.0375 0.0515625
0 0.3921875 0.46875 0.034375 0.040625
0 0.271875 0.47890625 0.034375 0.0421875
0 0.378125 0.49453125 0.0375 0.0515625
1 0.17578125 0.52109375 0.1203125 0.1421875
0 0.29296875 0.5234375 0.0484375 0.0625
0 0.36875 0.534375 0.053125 0.071875
0 0.253125 0.60078125 0.0625 0.0765625
1 0.065625 0.67421875 0.13125 0.2609375
0 0.33203125 0.71484375 0.0890625 0.1203125
0 0.1484375 0.771875 0.1125 0.146875
0 0.85546875 0.88046875 0.1609375 0.1890625
0 0.221875 0.94453125 0.14375 0.1109375