1 0.346875 0.4234375 0.05 0.0875
0 0.503125 0.434375 0.034375 0.053125
0 0.39609375 0.45625 0.0453125 0.04375
1 0.5703125 0.459375 0.05 0.071875
1 0.6453125 0.46796875 0.075 0.1234375
1 0.278125 0.50390625 0.109375 0.1703125
0 0.52890625 0.50859375 0.0515625 0.0703125
0 0.37421875 0.53359375 0.0640625 0.0828125
1 0.1421875 0.58203125 0.115625 0.1265625
0 0.34921875 0.59921875 0.0703125 0.0890625
1 0.14375 0.6796875 0.190625 0.2375
1 0.03671875 0.725 0.0734375 0.1875
0 0.29296875 0.81796875 0.1078125 0.1515625
0 0.71640625 0.884375 0.1640625 0.228125