1 0.30546875 0.41171875 0.0484375 0.0765625
0 0.4046875 0.4328125 0.028125 0.04375
1 0.33984375 0.43984375 0.0421875 0.0578125
1 0.2625 0.45625 0.078125 0.11875
0 0.33203125 0.46875 0.0359375 0.046875
0 0.38515625 0.471875 0.0359375 0.046875
1 0.60859375 0.50390625 0.0984375 0.1546875
0 0.15234375 0.528125 0.0578125 0.071875
1 0.28125 0.5390625 0.0875 0.13125
0 0.1890625 0.55078125 0.053125 0.0640625
0 0.371875 0.565625 0.053125 0.0625
0 0.7640625 0.5921875 0.09375 0.1
0 0.0515625 0.69140625 0.090625 0.1421875
0 0.31640625 0.7 0.0921875 0.121875
0 0.1421875 0.75 0.115625 0.15625
0 0.63046875 0.825 0.1203125 0.20625
0 0.83203125 0.8625 0.1546875 0.23125