1 0.334375 0.44375 0.05625 0.0625
1 0.66953125 0.46796875 0.0921875 0.1015625
0 0.38828125 0.471875 0.0390625 0.04375
1 0.2296875 0.49375 0.059375 0.090625
0 0.38359375 0.50234375 0.0421875 0.0421875
1 0.28828125 0.5140625 0.0890625 0.13125
0 0.528125 0.525 0.046875 0.075
1 0.16328125 0.5375 0.0859375 0.078125
0 0.3703125 0.54453125 0.05 0.0609375
1 0.675 0.55625 0.134375 0.190625
0 0.34453125 0.609375 0.0640625 0.065625
1 0.04609375 0.675 0.0921875 0.21875
0 0.32109375 0.690625 0.0859375 0.10625
0 0.60234375 0.703125 0.0828125 0.140625
1 0.1375 0.715625 0.2375 0.296875
1 0.8734375 0.82265625 0.253125 0.3546875
1 0.27265625 0.9 0.1421875 0.2