1 0.28046875 0.4375 0.0640625 0.096875
0 0.5046875 0.44609375 0.03125 0.0421875
0 0.39375 0.446875 0.034375 0.04375
0 0.23515625 0.459375 0.0453125 0.040625
0 0.34140625 0.46015625 0.0328125 0.0421875
0 0.6296875 0.47734375 0.04375 0.0453125
0 0.225 0.4875 0.040625 0.046875
1 0.30390625 0.49921875 0.0765625 0.1109375
0 0.3875 0.50234375 0.046875 0.0546875
0 0.60078125 0.5234375 0.0546875 0.0625
0 0.15 0.53046875 0.0625 0.0515625
0 0.5328125 0.5359375 0.05 0.075
0 0.353125 0.5765625 0.0625 0.08125
0 0.1390625 0.58359375 0.065625 0.0796875
0 0.2171875 0.63515625 0.084375 0.1046875
0 0.575 0.68515625 0.084375 0.1578125
1 0.7578125 0.72265625 0.146875 0.2328125
1 0.05 0.725 0.1 0.203125
0 0.215625 0.7515625 0.1375 0.13125