1 0.30234375 0.41171875 0.0734375 0.0984375
0 0.496875 0.421875 0.040625 0.053125
1 0.35 0.425 0.053125 0.065625
0 0.2671875 0.43125 0.034375 0.053125
0 0.3953125 0.43359375 0.046875 0.0578125
0 0.228125 0.45703125 0.05625 0.0765625
0 0.3984375 0.46484375 0.040625 0.0578125
1 0.3234375 0.47109375 0.084375 0.1078125
0 0.3828125 0.503125 0.05625 0.075
0 0.1515625 0.50859375 0.059375 0.0796875
0 0.5359375 0.51640625 0.065625 0.0953125
0 0.21015625 0.5203125 0.0703125 0.09375
0 0.2625 0.5625 0.0625 0.084375
0 0.3484375 0.58671875 0.071875 0.0859375
1 0.13359375 0.590625 0.1109375 0.153125
0 0.59765625 0.7125 0.0921875 0.14375
0 0.1328125 0.79375 0.128125 0.140625
0 0.9734375 0.86875 0.053125 0.20625
0 0.26328125 0.90390625 0.1546875 0.1921875