1 0.3375 0.4046875 0.03125 0.0375
0 0.37265625 0.40546875 0.0296875 0.0359375
1 0.41171875 0.42109375 0.0296875 0.0328125
0 0.35703125 0.43125 0.0265625 0.034375
0 0.40625 0.44453125 0.03125 0.0390625
1 0.26796875 0.45546875 0.0484375 0.0734375
1 0.32890625 0.46875 0.0453125 0.075
0 0.39375 0.48671875 0.040625 0.0484375
1 0.2171875 0.49375 0.0625 0.084375
0 0.528125 0.521875 0.05 0.06875
1 0.16484375 0.5484375 0.0890625 0.125
1 0.25703125 0.54765625 0.0765625 0.1171875
1 0.71875 0.553125 0.08125 0.0875
1 0.6796875 0.61328125 0.09375 0.1359375
0 0.35234375 0.63125 0.0734375 0.090625
1 0.15234375 0.721875 0.1578125 0.209375
0 0.303125 0.834375 0.128125 0.15625