1 0.3265625 0.4078125 0.034375 0.05625
0 0.5203125 0.41015625 0.025 0.0328125
1 0.2890625 0.4140625 0.05 0.04375
1 0.23828125 0.4375 0.0640625 0.065625
0 0.3578125 0.44375 0.028125 0.034375
0 0.39453125 0.44921875 0.0296875 0.0515625
0 0.51328125 0.459375 0.0328125 0.046875
0 0.32421875 0.4921875 0.0265625 0.05
0 0.38125 0.51484375 0.04375 0.0578125
1 0.26328125 0.521875 0.1109375 0.1625
0 0.359375 0.56953125 0.05625 0.0765625
0 0.33203125 0.64921875 0.0953125 0.1109375
1 0.14765625 0.65078125 0.2203125 0.3015625
0 0.2921875 0.7640625 0.103125 0.13125
1 0.0625 0.86328125 0.125 0.2734375
0 0.2578125 0.9140625 0.16875 0.171875