0 0.35078125 0.38125 0.0296875 0.05
0 0.48203125 0.384375 0.0265625 0.040625
1 0.36953125 0.39765625 0.0328125 0.0453125
1 0.325 0.40078125 0.046875 0.0734375
1 0.29765625 0.428125 0.0609375 0.075
0 0.40859375 0.43125 0.0359375 0.05
0 0.503125 0.43125 0.05 0.046875
0 0.35859375 0.4375 0.0390625 0.05
0 0.33203125 0.47734375 0.0421875 0.0671875
1 0.21328125 0.478125 0.0859375 0.10625
0 0.38828125 0.490625 0.0703125 0.06875
1 0.23984375 0.53359375 0.1453125 0.1703125
0 0.37578125 0.5515625 0.0671875 0.06875
1 0.71953125 0.55546875 0.0828125 0.1359375
1 0.646875 0.5625 0.084375 0.165625
1 0.1140625 0.5796875 0.140625 0.175
0 0.3453125 0.596875 0.059375 0.0875
0 0.3328125 0.65625 0.08125 0.1
1 0.11875 0.7125 0.2375 0.4
0 0.2953125 0.753125 0.13125 0.140625
0 0.26328125 0.9046875 0.1609375 0.190625