1 0.3453125 0.38671875 0.03125 0.0609375
1 0.3265625 0.40390625 0.04375 0.0703125
1 0.2921875 0.42265625 0.046875 0.0703125
0 0.53125 0.42890625 0.0375 0.0453125
0 0.359375 0.4375 0.028125 0.0375
0 0.40078125 0.44609375 0.0359375 0.0453125
1 0.2515625 0.47109375 0.08125 0.1078125
0 0.5296875 0.496875 0.040625 0.071875
0 0.3828125 0.51015625 0.04375 0.0703125
1 0.26640625 0.51171875 0.1046875 0.1734375
0 0.36484375 0.56875 0.0578125 0.0875
1 0.1578125 0.64375 0.21875 0.33125
0 0.33125 0.6609375 0.09375 0.1375
0 0.29453125 0.753125 0.0953125 0.15
1 0.075 0.8640625 0.15 0.26875
0 0.25859375 0.90078125 0.1359375 0.1984375