1 0.528125 0.390625 0.034375 0.065625
1 0.3359375 0.39375 0.034375 0.059375
1 0.36875 0.40390625 0.0375 0.0546875
1 0.2921875 0.415625 0.0625 0.09375
0 0.48671875 0.4203125 0.0265625 0.03125
0 0.409375 0.42578125 0.028125 0.0390625
1 0.6078125 0.45 0.04375 0.05
0 0.4015625 0.46015625 0.0375 0.0421875
1 0.23359375 0.48203125 0.0921875 0.1390625
1 0.29921875 0.4859375 0.0890625 0.1375
0 0.375 0.5125 0.046875 0.053125
0 0.35703125 0.58125 0.0640625 0.08125
1 0.12578125 0.615625 0.1109375 0.140625
0 0.2328125 0.6328125 0.084375 0.09375
1 0.33671875 0.678125 0.0796875 0.115625
0 0.30078125 0.82109375 0.1140625 0.1453125