1 0.37265625 0.39375 0.0421875 0.065625
1 0.32421875 0.4 0.0453125 0.06875
0 0.4046875 0.43125 0.034375 0.0375
0 0.35546875 0.43828125 0.0328125 0.0390625
0 0.39453125 0.459375 0.0328125 0.040625
1 0.28515625 0.46015625 0.0484375 0.0671875
1 0.60390625 0.4890625 0.0609375 0.10625
1 0.2265625 0.51484375 0.065625 0.0796875
1 0.38203125 0.528125 0.0421875 0.059375
0 0.2859375 0.5390625 0.053125 0.05625
0 0.3625 0.6 0.065625 0.08125
0 0.22890625 0.61953125 0.0671875 0.0640625
1 0.065625 0.64609375 0.13125 0.1671875
0 0.20078125 0.709375 0.0953125 0.10625
0 0.3046875 0.77109375 0.10625 0.1171875