0 0.35859375 0.38671875 0.0296875 0.0359375
0 0.48515625 0.39921875 0.0359375 0.0359375
1 0.55859375 0.4 0.0296875 0.040625
0 0.3765625 0.40703125 0.03125 0.0265625
0 0.5265625 0.40859375 0.028125 0.0421875
0 0.40546875 0.42265625 0.0296875 0.0328125
0 0.359375 0.43359375 0.025 0.0421875
0 0.5 0.4375 0.040625 0.05
0 0.55078125 0.4375 0.0359375 0.05
0 0.41015625 0.45 0.0296875 0.0375
0 0.61796875 0.45 0.0640625 0.075
1 0.334375 0.453125 0.05625 0.090625
1 0.253125 0.4625 0.0625 0.1125
0 0.57890625 0.490625 0.0640625 0.065625
1 0.3046875 0.49609375 0.059375 0.0796875
0 0.37421875 0.50546875 0.0703125 0.0609375
0 0.5328125 0.54296875 0.075 0.1109375
1 0.159375 0.54609375 0.140625 0.1828125
0 0.36796875 0.565625 0.0671875 0.075
0 0.04375 0.63984375 0.0875 0.0953125
0 0.0765625 0.67734375 0.09375 0.1203125
0 0.31171875 0.69375 0.0828125 0.128125
1 0.1484375 0.72421875 0.196875 0.2765625
0 0.853125 0.759375 0.134375 0.1625
0 0.66953125 0.8828125 0.1484375 0.234375
0 0.04609375 0.940625 0.0921875 0.11875