1 0.353125 0.36484375 0.03125 0.0453125
1 0.33125 0.396875 0.04375 0.06875
0 0.4234375 0.40546875 0.021875 0.0265625
0 0.30234375 0.40625 0.0328125 0.0375
0 0.40390625 0.41015625 0.0234375 0.0296875
1 0.3625 0.4125 0.0375 0.05
0 0.396875 0.43203125 0.03125 0.0359375
1 0.34140625 0.45 0.0484375 0.078125
0 0.39921875 0.45234375 0.0359375 0.0453125
1 0.27578125 0.459375 0.0609375 0.0875
0 0.390625 0.475 0.040625 0.046875
1 0.596875 0.47890625 0.0625 0.1046875
0 0.3140625 0.49375 0.046875 0.065625
0 0.3703125 0.51875 0.053125 0.06875
0 0.221875 0.52734375 0.059375 0.0703125
0 0.27421875 0.56640625 0.0609375 0.0796875
0 0.08984375 0.5875 0.0796875 0.075
0 0.68046875 0.62890625 0.0953125 0.1171875
0 0.1890625 0.68984375 0.10625 0.1296875
0 0.26171875 0.86015625 0.1515625 0.2203125
0 0.878125 0.9 0.18125 0.190625