0 0.3234375 0.421875 0.034375 0.04375
0 0.359375 0.42890625 0.03125 0.0328125
0 0.5828125 0.43125 0.03125 0.040625
0 0.4078125 0.4375 0.03125 0.0375
0 0.27578125 0.45625 0.0390625 0.0375
0 0.33515625 0.47109375 0.0328125 0.0421875
0 0.5125 0.471875 0.040625 0.059375
0 0.59140625 0.49140625 0.0421875 0.0578125
0 0.38828125 0.49609375 0.0359375 0.0421875
0 0.31484375 0.5 0.0421875 0.05625
1 0.1734375 0.51875 0.115625 0.146875
0 0.37734375 0.53125 0.0453125 0.05625
1 0.665625 0.54609375 0.09375 0.1453125
1 0.2578125 0.54765625 0.084375 0.1203125
0 0.38984375 0.5734375 0.0546875 0.075
1 0.1953125 0.64375 0.115625 0.153125
0 0.31953125 0.66328125 0.0890625 0.1015625
1 0.03671875 0.67734375 0.0734375 0.1953125
0 0.7109375 0.71015625 0.10625 0.1453125
0 0.59453125 0.7375 0.1078125 0.153125
0 0.29140625 0.81015625 0.0984375 0.1203125
1 0.92890625 0.8125 0.1421875 0.346875
1 0.09375 0.828125 0.184375 0.3375
0 0.23046875 0.94140625 0.1421875 0.1171875