1 0.3 0.425 0.034375 0.05
1 0.3421875 0.43515625 0.0375 0.0578125
1 0.2640625 0.46328125 0.05625 0.0890625
1 0.67265625 0.48203125 0.0609375 0.1109375
1 0.59609375 0.4875 0.0890625 0.125
1 0.30625 0.49375 0.05625 0.10625
0 0.3875 0.50390625 0.040625 0.0546875
0 0.5203125 0.521875 0.053125 0.071875
0 0.36953125 0.5625 0.0640625 0.0875
1 0.12578125 0.56328125 0.1515625 0.2140625
0 0.74921875 0.59296875 0.0703125 0.0984375
0 0.271875 0.60390625 0.065625 0.0796875
0 0.315625 0.76328125 0.10625 0.1484375
0 0.63984375 0.81015625 0.1265625 0.1828125
1 0.0734375 0.8625 0.146875 0.275