1 0.36640625 0.4015625 0.0421875 0.06875
1 0.32265625 0.4046875 0.0453125 0.075
0 0.4046875 0.43125 0.034375 0.0375
0 0.34921875 0.45 0.0328125 0.04375
1 0.27890625 0.4625 0.0484375 0.065625
0 0.39453125 0.46875 0.0328125 0.04375
1 0.5921875 0.475 0.05625 0.090625
1 0.225 0.51875 0.065625 0.078125
1 0.38046875 0.528125 0.0421875 0.059375
0 0.2859375 0.5390625 0.053125 0.05625
0 0.3609375 0.60703125 0.0625 0.0765625
0 0.21875 0.63203125 0.071875 0.0765625
1 0.065625 0.65546875 0.13125 0.1734375
0 0.18984375 0.7328125 0.1046875 0.11875
0 0.3 0.784375 0.10625 0.121875