1 0.328125 0.4 0.034375 0.059375
1 0.36875 0.40390625 0.0375 0.0546875
1 0.28203125 0.428125 0.0703125 0.1
0 0.40625 0.43828125 0.028125 0.0390625
0 0.4015625 0.47265625 0.0375 0.0421875
1 0.22578125 0.4796875 0.1109375 0.1625
1 0.2953125 0.496875 0.09375 0.153125
0 0.16953125 0.509375 0.0421875 0.05
0 0.37421875 0.525 0.0515625 0.053125
0 0.35234375 0.59375 0.0640625 0.08125
1 0.10078125 0.64765625 0.1234375 0.1546875
0 0.20625 0.68203125 0.096875 0.1015625
1 0.3359375 0.6921875 0.0875 0.125
0 0.29609375 0.83359375 0.1140625 0.1453125