0 0.36015625 0.38125 0.0328125 0.040625
0 0.5453125 0.38359375 0.03125 0.0328125
0 0.51796875 0.38828125 0.0265625 0.0265625
0 0.37578125 0.4109375 0.0296875 0.025
1 0.5703125 0.4125 0.034375 0.046875
0 0.4890625 0.415625 0.03125 0.04375
0 0.365625 0.425 0.025 0.040625
0 0.4015625 0.425 0.03125 0.0375
0 0.53828125 0.42890625 0.0296875 0.0453125
0 0.41171875 0.44140625 0.0328125 0.0421875
0 0.334375 0.44453125 0.05 0.0640625
1 0.25625 0.45625 0.06875 0.11875
0 0.57265625 0.46484375 0.0515625 0.0671875
0 0.51640625 0.48125 0.0703125 0.071875
1 0.31796875 0.484375 0.0671875 0.0875
0 0.378125 0.49375 0.059375 0.053125
0 0.66640625 0.51015625 0.0578125 0.0796875
1 0.178125 0.5234375 0.128125 0.1625
0 0.371875 0.54921875 0.065625 0.0765625
0 0.625 0.55703125 0.0625 0.0984375
0 0.0828125 0.58125 0.090625 0.1
0 0.32578125 0.64375 0.0828125 0.128125
0 0.11015625 0.64609375 0.0890625 0.0953125
0 0.584375 0.6875 0.10625 0.165625
1 0.17734375 0.7 0.1984375 0.2625
0 0.05546875 0.9296875 0.1109375 0.140625