1 0.35078125 0.41640625 0.0453125 0.0703125
0 0.50859375 0.44609375 0.0328125 0.0421875
0 0.39765625 0.446875 0.0296875 0.03125
1 0.30078125 0.4765625 0.0796875 0.13125
0 0.3828125 0.503125 0.04375 0.0625
1 0.1921875 0.5328125 0.090625 0.09375
0 0.365625 0.54765625 0.05 0.0671875
1 0.63671875 0.56484375 0.0640625 0.1046875
1 0.2140625 0.59140625 0.125 0.1671875
1 0.0828125 0.63359375 0.128125 0.1328125
0 0.32734375 0.690625 0.0796875 0.109375
1 0.9109375 0.7109375 0.178125 0.325
0 0.60546875 0.7328125 0.1015625 0.15625
1 0.88515625 0.85625 0.2296875 0.2875
0 0.2765625 0.9140625 0.14375 0.171875