1 0.4875 0.34375 0.015625 0.025
1 0.5078125 0.346875 0.0125 0.025
0 0.4671875 0.346875 0.0125 0.015625
0 0.47578125 0.3578125 0.0140625 0.01875
1 0.52265625 0.359375 0.0203125 0.034375
0 0.48125 0.3875 0.015625 0.01875
1 0.53203125 0.415625 0.0171875 0.034375
0 0.36484375 0.42109375 0.0203125 0.0296875
0 0.40703125 0.42109375 0.0203125 0.0296875
1 0.5703125 0.45078125 0.053125 0.0859375
0 0.5078125 0.46640625 0.0375 0.0546875
1 0.309375 0.46875 0.084375 0.128125
0 0.3953125 0.4765625 0.03125 0.04375
1 0.2421875 0.48359375 0.05625 0.0796875
0 0.37734375 0.51640625 0.0421875 0.0546875
0 0.3328125 0.65 0.075 0.1125
1 0.15625 0.653125 0.225 0.315625
0 0.2953125 0.73984375 0.096875 0.1171875
1 0.05625 0.86640625 0.1125 0.2671875
0 0.2609375 0.90078125 0.128125 0.1640625