1 0.5796875 0.40625 0.04375 0.065625
0 0.4890625 0.40703125 0.021875 0.0390625
1 0.33671875 0.43125 0.0640625 0.09375
0 0.40625 0.440625 0.025 0.03125
0 0.5375 0.46328125 0.034375 0.0515625
0 0.39375 0.47421875 0.034375 0.0390625
0 0.51796875 0.5015625 0.0390625 0.06875
1 0.24296875 0.5515625 0.1421875 0.20625
0 0.35703125 0.575 0.0671875 0.0875
1 0.09453125 0.628125 0.1359375 0.15625
0 0.32578125 0.6609375 0.0796875 0.1
0 0.6015625 0.68359375 0.0875 0.1328125
1 0.08984375 0.81328125 0.1796875 0.3140625
0 0.26953125 0.9 0.1328125 0.16875