1 0.31328125 0.41875 0.0546875 0.06875
1 0.2625 0.43984375 0.05625 0.0671875
0 0.39921875 0.45078125 0.0421875 0.0515625
0 0.34375 0.45546875 0.03125 0.0484375
0 0.38515625 0.475 0.0515625 0.059375
1 0.25234375 0.53125 0.1203125 0.165625
0 0.37734375 0.546875 0.0609375 0.071875
0 0.35234375 0.6046875 0.0734375 0.0875
0 0.33203125 0.659375 0.0890625 0.13125
1 0.15078125 0.66015625 0.2203125 0.3171875
0 0.5796875 0.68203125 0.1 0.1390625
0 0.296875 0.7625 0.10625 0.16875
0 0.26015625 0.9046875 0.1359375 0.190625