0 0.3625 0.425 0.028125 0.05625
0 0.4046875 0.42890625 0.040625 0.0578125
1 0.559375 0.43828125 0.0625 0.0765625
0 0.49921875 0.44453125 0.0453125 0.0640625
1 0.3109375 0.46875 0.084375 0.1375
1 0.24140625 0.48125 0.0734375 0.08125
0 0.39375 0.484375 0.05 0.046875
0 0.37890625 0.51875 0.0515625 0.06875
0 0.328125 0.65234375 0.096875 0.1171875
1 0.1640625 0.65625 0.215625 0.309375
0 0.29140625 0.75546875 0.0984375 0.1484375
1 0.06328125 0.8640625 0.1265625 0.271875
0 0.26484375 0.9140625 0.1484375 0.16875