1 0.26640625 0.45546875 0.0515625 0.0734375
1 0.32109375 0.46796875 0.0671875 0.1015625
0 0.38828125 0.471875 0.0390625 0.04375
1 0.21796875 0.48515625 0.0671875 0.0671875
1 0.6015625 0.48515625 0.09375 0.1453125
0 0.38359375 0.50234375 0.0421875 0.0421875
0 0.51484375 0.50703125 0.0515625 0.0640625
0 0.3703125 0.54453125 0.05 0.0609375
1 0.240625 0.575 0.134375 0.165625
1 0.13203125 0.57890625 0.0953125 0.1546875
0 0.35078125 0.596875 0.0640625 0.065625
0 0.33125 0.6484375 0.075 0.1
1 0.315625 0.74375 0.09375 0.13125
1 0.77421875 0.78125 0.3203125 0.4375
1 0.08984375 0.8390625 0.1796875 0.321875
0 0.25078125 0.94140625 0.1546875 0.1171875