0 0.3578125 0.384375 0.0375 0.034375
0 0.48515625 0.403125 0.0359375 0.046875
1 0.5625 0.40546875 0.034375 0.0515625
0 0.3765625 0.41015625 0.025 0.0296875
0 0.528125 0.4125 0.0375 0.0375
0 0.4 0.42265625 0.021875 0.0296875
0 0.36328125 0.43359375 0.0328125 0.0421875
0 0.41015625 0.4484375 0.0296875 0.0375
0 0.5046875 0.44765625 0.040625 0.0546875
1 0.3328125 0.45 0.053125 0.08125
0 0.55546875 0.44921875 0.0421875 0.0484375
1 0.2640625 0.45703125 0.084375 0.1015625
0 0.62265625 0.465625 0.0453125 0.0625
1 0.3078125 0.49140625 0.053125 0.0703125
0 0.37734375 0.50234375 0.0609375 0.0546875
0 0.59296875 0.50546875 0.0484375 0.0734375
1 0.16328125 0.53359375 0.1328125 0.1578125
0 0.36875 0.5578125 0.065625 0.05625
0 0.54453125 0.575 0.0703125 0.10625
0 0.04296875 0.61875 0.0859375 0.153125
0 0.08515625 0.65234375 0.0953125 0.0953125
0 0.31640625 0.67890625 0.0828125 0.1296875
1 0.16171875 0.71171875 0.2015625 0.2765625
0 0.9109375 0.8375 0.15 0.19375
0 0.0515625 0.93671875 0.103125 0.1109375
0 0.69921875 0.9359375 0.1640625 0.128125