0 0.48984375 0.346875 0.0109375 0.009375
1 0.51171875 0.34921875 0.0203125 0.0265625
0 0.4703125 0.35546875 0.0125 0.0234375
1 0.53671875 0.371875 0.0296875 0.05
0 0.496875 0.37265625 0.015625 0.0296875
0 0.48125 0.384375 0.01875 0.028125
0 0.49296875 0.4046875 0.0234375 0.025
0 0.365625 0.421875 0.021875 0.0375
0 0.40546875 0.42265625 0.0265625 0.0328125
0 0.50078125 0.446875 0.0296875 0.0375
1 0.31953125 0.45078125 0.0734375 0.1140625
0 0.39375 0.4625 0.04375 0.028125
1 0.2484375 0.47265625 0.05625 0.0703125
1 0.5984375 0.49375 0.05625 0.084375
0 0.38828125 0.49921875 0.0515625 0.0515625
1 0.67578125 0.58203125 0.1234375 0.2015625
1 0.17890625 0.6328125 0.2078125 0.29375
0 0.33359375 0.634375 0.0703125 0.11875
0 0.61796875 0.7390625 0.1015625 0.16875
0 0.2953125 0.746875 0.1 0.134375
1 0.06015625 0.86875 0.1203125 0.2625
0 0.26015625 0.9140625 0.1390625 0.171875