1 0.5609375 0.38671875 0.04375 0.0640625
0 0.490625 0.39453125 0.03125 0.0390625
1 0.35078125 0.42421875 0.0640625 0.0984375
1 0.54921875 0.43671875 0.0421875 0.0609375
0 0.396875 0.4515625 0.034375 0.04375
0 0.5109375 0.471875 0.053125 0.0625
1 0.28984375 0.496875 0.1015625 0.165625
1 0.59765625 0.50546875 0.0671875 0.1140625
1 0.6953125 0.50625 0.109375 0.146875
0 0.378125 0.52265625 0.071875 0.0828125
1 0.15859375 0.56015625 0.1234375 0.1203125
0 0.353125 0.5796875 0.065625 0.1
0 0.5734375 0.61328125 0.0875 0.1390625
1 0.16640625 0.6515625 0.1671875 0.21875
1 0.05078125 0.696875 0.1015625 0.2375
0 0.30390625 0.77890625 0.1046875 0.1328125
0 0.265625 0.9546875 0.19375 0.090625