1 0.328125 0.4 0.034375 0.059375
1 0.3625 0.4125 0.0375 0.053125
1 0.28046875 0.425 0.0703125 0.1
0 0.40625 0.43828125 0.028125 0.0390625
0 0.396875 0.475 0.0375 0.040625
1 0.2015625 0.50859375 0.115625 0.1703125
1 0.27109375 0.52421875 0.0921875 0.1640625
0 0.36796875 0.5375 0.0515625 0.053125
0 0.1046875 0.571875 0.065625 0.0625
0 0.34921875 0.5953125 0.0640625 0.08125
1 0.06328125 0.690625 0.1265625 0.171875
1 0.3296875 0.70625 0.0875 0.125
0 0.1375 0.79375 0.125 0.134375
0 0.29453125 0.83515625 0.1140625 0.1453125
1 0.8828125 0.85 0.234375 0.296875