0 0.4921875 0.421875 0.03125 0.034375
0 0.359375 0.43828125 0.03125 0.0515625
1 0.23203125 0.45 0.0546875 0.059375
0 0.33828125 0.4625 0.0328125 0.040625
0 0.38125 0.49375 0.05 0.053125
0 0.52734375 0.496875 0.0609375 0.078125
1 0.246875 0.53046875 0.125 0.1734375
0 0.36640625 0.55703125 0.0515625 0.0984375
0 0.3515625 0.603125 0.053125 0.090625
0 0.3265625 0.659375 0.10625 0.096875
1 0.1234375 0.68125 0.24375 0.346875
0 0.290625 0.75625 0.11875 0.140625
1 0.8265625 0.7984375 0.190625 0.35
0 0.26328125 0.91640625 0.1609375 0.1671875