1 0.26875 0.45 0.065625 0.090625
0 0.32890625 0.478125 0.0359375 0.046875
1 0.196875 0.50234375 0.115625 0.1203125
0 0.37421875 0.5125 0.0453125 0.0625
0 0.2984375 0.52421875 0.04375 0.0515625
0 0.37265625 0.55859375 0.0515625 0.0703125
0 0.27265625 0.575 0.0609375 0.084375
1 0.68125 0.5875 0.159375 0.265625
0 0.3421875 0.61640625 0.0625 0.0828125
0 0.80703125 0.63515625 0.0828125 0.1078125
1 0.1140625 0.71875 0.228125 0.353125
0 0.30703125 0.73359375 0.1046875 0.1546875
0 0.22734375 0.91875 0.1640625 0.1625