1 0.36640625 0.4015625 0.0421875 0.06875
1 0.31328125 0.40625 0.0453125 0.075
0 0.4046875 0.43125 0.034375 0.0375
0 0.34921875 0.45 0.0328125 0.04375
1 0.5859375 0.4625 0.05625 0.090625
1 0.27734375 0.46484375 0.0484375 0.0671875
0 0.39453125 0.46875 0.0328125 0.04375
1 0.21875 0.52734375 0.065625 0.0796875
1 0.378125 0.53515625 0.046875 0.0703125
0 0.27734375 0.55 0.0578125 0.071875
0 0.3546875 0.61171875 0.065625 0.0890625
0 0.2125 0.64453125 0.071875 0.0765625
1 0.0625 0.66640625 0.125 0.1828125
0 0.18046875 0.7515625 0.1078125 0.11875
1 0.9234375 0.765625 0.153125 0.221875
0 0.29609375 0.796875 0.1109375 0.121875