1 0.35625 0.40625 0.05 0.075
0 0.40078125 0.44375 0.0296875 0.03125
1 0.31484375 0.459375 0.0734375 0.121875
0 0.5078125 0.465625 0.040625 0.05625
1 0.6609375 0.46875 0.08125 0.115625
0 0.38828125 0.490625 0.0421875 0.05625
1 0.21328125 0.51796875 0.0796875 0.0984375
0 0.378125 0.5203125 0.046875 0.05625
1 0.25703125 0.54765625 0.1015625 0.1328125
1 0.134375 0.5875 0.096875 0.11875
0 0.346875 0.625 0.06875 0.090625
0 0.58515625 0.6484375 0.0796875 0.1125
0 0.3109375 0.78828125 0.109375 0.1390625