1 0.30546875 0.41953125 0.0484375 0.0640625
1 0.2640625 0.45859375 0.075 0.0921875
0 0.334375 0.46875 0.03125 0.040625
0 0.3109375 0.496875 0.0375 0.053125
0 0.37734375 0.509375 0.0484375 0.0625
0 0.37109375 0.55546875 0.0484375 0.0609375
0 0.70078125 0.55625 0.0609375 0.075
1 0.13515625 0.56875 0.1078125 0.175
0 0.54453125 0.57265625 0.0703125 0.0953125
1 0.21953125 0.575 0.1515625 0.215625
0 0.34921875 0.60546875 0.0609375 0.0609375
0 0.33125 0.66328125 0.0875 0.1140625
0 0.2921875 0.75703125 0.10625 0.1359375
1 0.09296875 0.80078125 0.1859375 0.3984375
0 0.24921875 0.928125 0.1421875 0.14375