0 0.30546875 0.41484375 0.0265625 0.0296875
0 0.36015625 0.43359375 0.0296875 0.0421875
0 0.40546875 0.4375 0.0265625 0.0375
0 0.55859375 0.446875 0.0390625 0.059375
0 0.603125 0.44921875 0.0375 0.0484375
0 0.34140625 0.46484375 0.0265625 0.0546875
0 0.3953125 0.4765625 0.034375 0.04375
1 0.31015625 0.48359375 0.0578125 0.0953125
1 0.2140625 0.49375 0.0875 0.1375
0 0.5140625 0.50078125 0.04375 0.0640625
0 0.3984375 0.50703125 0.040625 0.0609375
0 0.59609375 0.515625 0.0484375 0.059375
1 0.23515625 0.58671875 0.0890625 0.1390625
0 0.334375 0.61171875 0.06875 0.0890625
1 0.07890625 0.6265625 0.1578125 0.23125
0 0.32265625 0.709375 0.0828125 0.103125
0 0.89296875 0.7453125 0.1359375 0.16875
1 0.0953125 0.821875 0.190625 0.3375
0 0.66171875 0.84375 0.1359375 0.209375
0 0.24453125 0.91875 0.1390625 0.1625