1 0.3578125 0.409375 0.046875 0.06875
1 0.29921875 0.42890625 0.0453125 0.0671875
0 0.39921875 0.440625 0.0328125 0.04375
1 0.3234375 0.453125 0.065625 0.084375
1 0.2640625 0.45390625 0.053125 0.0828125
0 0.38828125 0.4921875 0.0421875 0.05
1 0.290625 0.51875 0.065625 0.096875
1 0.159375 0.528125 0.14375 0.1875
0 0.5359375 0.53125 0.053125 0.078125
0 0.3734375 0.53203125 0.05 0.0609375
0 0.34921875 0.5875 0.0578125 0.065625
0 0.33125 0.646875 0.075 0.1
1 0.053125 0.696875 0.10625 0.24375
1 0.32734375 0.71796875 0.0859375 0.1265625
0 0.61328125 0.753125 0.1109375 0.1625
0 0.29375 0.8375 0.1125 0.15