1 0.3125 0.41015625 0.0375 0.0703125
1 0.584375 0.4109375 0.0375 0.0625
1 0.54921875 0.43046875 0.0421875 0.0765625
1 0.28359375 0.4375 0.0515625 0.084375
0 0.39453125 0.45 0.0359375 0.034375
0 0.371875 0.4953125 0.05 0.06875
1 0.17109375 0.515625 0.0859375 0.121875
1 0.24140625 0.5484375 0.1296875 0.1875
0 0.375 0.5515625 0.065625 0.08125
0 0.5453125 0.59375 0.071875 0.115625
0 0.34375 0.5984375 0.053125 0.0625
0 0.325 0.64921875 0.08125 0.1015625
0 0.29140625 0.753125 0.0984375 0.14375
1 0.10390625 0.775 0.2078125 0.45
0 0.2640625 0.90625 0.134375 0.16875