1 0.30546875 0.41171875 0.0484375 0.0765625
1 0.33828125 0.44140625 0.0421875 0.0578125
0 0.403125 0.4515625 0.028125 0.04375
1 0.253125 0.459375 0.078125 0.11875
1 0.578125 0.46640625 0.084375 0.1203125
0 0.62578125 0.47109375 0.0359375 0.0546875
0 0.38203125 0.48046875 0.0359375 0.0484375
0 0.32421875 0.48125 0.0359375 0.046875
1 0.70703125 0.53515625 0.0734375 0.0796875
1 0.271875 0.546875 0.090625 0.140625
0 0.11953125 0.559375 0.0734375 0.071875
0 0.17109375 0.571875 0.0609375 0.065625
0 0.3671875 0.584375 0.059375 0.071875
0 0.56953125 0.640625 0.0703125 0.1125
0 0.69375 0.65 0.096875 0.128125
1 0.8515625 0.67578125 0.125 0.1234375
0 0.3 0.753125 0.1 0.1375
0 0.11640625 0.79375 0.1328125 0.165625