1 0.28046875 0.4375 0.0640625 0.096875
0 0.603125 0.446875 0.028125 0.0375
0 0.3921875 0.45 0.034375 0.04375
0 0.34140625 0.46015625 0.0328125 0.0421875
0 0.22421875 0.46796875 0.0453125 0.0390625
0 0.575 0.478125 0.040625 0.053125
0 0.5140625 0.48828125 0.034375 0.0515625
0 0.21875 0.5 0.040625 0.046875
1 0.30078125 0.50703125 0.0765625 0.1109375
0 0.384375 0.51015625 0.046875 0.0546875
0 0.11875 0.559375 0.065625 0.071875
0 0.5375 0.575 0.05625 0.1
0 0.346875 0.5890625 0.0625 0.08125
1 0.6625 0.59375 0.0875 0.153125
0 0.12421875 0.60859375 0.0796875 0.0953125
0 0.1984375 0.65703125 0.0875 0.1109375
0 0.5578125 0.69453125 0.08125 0.1140625
0 0.1609375 0.809375 0.159375 0.15625