1 0.28125 0.43671875 0.05 0.0609375
1 0.62265625 0.4453125 0.0484375 0.08125
0 0.49765625 0.45 0.0390625 0.059375
1 0.565625 0.45234375 0.0625 0.0921875
1 0.334375 0.4546875 0.04375 0.075
1 0.24765625 0.4765625 0.0609375 0.09375
0 0.6671875 0.515625 0.04375 0.065625
0 0.38359375 0.5171875 0.0453125 0.05
1 0.29296875 0.51953125 0.0609375 0.1015625
0 0.54765625 0.55703125 0.0640625 0.0765625
0 0.36171875 0.603125 0.0640625 0.084375
1 0.08671875 0.61015625 0.1640625 0.2203125
0 0.24296875 0.66015625 0.0828125 0.0796875
0 0.29921875 0.83671875 0.1234375 0.1609375