1 0.35078125 0.41640625 0.0453125 0.0703125
0 0.39765625 0.446875 0.0296875 0.03125
1 0.3 0.48046875 0.084375 0.1390625
1 0.58515625 0.48984375 0.0515625 0.0828125
0 0.38046875 0.509375 0.0484375 0.065625
1 0.17578125 0.53828125 0.0953125 0.0984375
0 0.54140625 0.55625 0.0609375 0.078125
0 0.36015625 0.55859375 0.0546875 0.0703125
1 0.78984375 0.590625 0.1546875 0.209375
1 0.20078125 0.615625 0.1421875 0.171875
1 0.6875 0.62578125 0.1125 0.1890625
1 0.05859375 0.66328125 0.1171875 0.1515625
0 0.31796875 0.725 0.0890625 0.115625