1 0.33984375 0.38671875 0.0296875 0.0484375
1 0.38046875 0.3875 0.0265625 0.04375
0 0.51171875 0.38671875 0.0234375 0.0265625
0 0.41640625 0.39375 0.0203125 0.03125
0 0.48984375 0.41171875 0.0234375 0.0359375
0 0.3296875 0.4140625 0.01875 0.03125
0 0.3671875 0.41484375 0.025 0.0296875
0 0.41015625 0.42109375 0.0265625 0.0328125
0 0.3234375 0.421875 0.034375 0.04375
0 0.578125 0.42265625 0.03125 0.0421875
0 0.3578125 0.43359375 0.03125 0.0328125
0 0.40546875 0.446875 0.0296875 0.034375
0 0.2703125 0.45703125 0.0375 0.0390625
0 0.509375 0.4640625 0.0375 0.06875
0 0.33515625 0.47109375 0.0328125 0.0421875
0 0.58203125 0.47890625 0.0421875 0.0578125
0 0.38828125 0.49609375 0.0359375 0.0421875
0 0.31171875 0.5078125 0.0421875 0.05625
1 0.6484375 0.52734375 0.09375 0.1453125
0 0.3765625 0.53125 0.040625 0.053125
1 0.1703125 0.5359375 0.121875 0.1625
1 0.2703125 0.5375 0.084375 0.121875
0 0.38671875 0.58125 0.0546875 0.08125
1 0.1953125 0.64375 0.115625 0.153125
1 0.04765625 0.65859375 0.0953125 0.1953125
0 0.6890625 0.67109375 0.1 0.1328125
0 0.31796875 0.675 0.0890625 0.10625
0 0.57890625 0.68125 0.0984375 0.13125
1 0.89921875 0.73359375 0.1859375 0.2828125
0 0.29140625 0.81015625 0.0984375 0.1203125
1 0.09375 0.828125 0.184375 0.3375
0 0.23046875 0.94140625 0.1421875 0.1171875