0 0.5109375 0.3890625 0.021875 0.03125
0 0.5546875 0.39296875 0.025 0.0359375
0 0.4859375 0.40078125 0.01875 0.0265625
0 0.5203125 0.4125 0.021875 0.028125
0 0.5796875 0.41796875 0.028125 0.0359375
0 0.41640625 0.42578125 0.0171875 0.0359375
0 0.55 0.4359375 0.025 0.0375
1 0.27578125 0.4375 0.0515625 0.09375
1 0.3453125 0.43671875 0.040625 0.0640625
0 0.48828125 0.43828125 0.0265625 0.0359375
0 0.38984375 0.4546875 0.0328125 0.0375
1 0.3234375 0.4640625 0.04375 0.08125
1 0.63125 0.46484375 0.0375 0.0546875
0 0.5203125 0.4984375 0.03125 0.05
0 0.3828125 0.5 0.034375 0.046875
1 0.20703125 0.50234375 0.0984375 0.1328125
0 0.63984375 0.50390625 0.0453125 0.0546875
0 0.61640625 0.54375 0.0421875 0.053125
0 0.3484375 0.575 0.05 0.084375
0 0.06796875 0.60625 0.0859375 0.10625
1 0.2046875 0.6375 0.146875 0.20625
0 0.7578125 0.69765625 0.090625 0.1453125
0 0.05703125 0.78984375 0.0890625 0.1296875
0 0.3 0.8125 0.1 0.1375
0 0.64765625 0.8859375 0.1515625 0.225