1 0.340625 0.42265625 0.059375 0.0921875
1 0.546875 0.428125 0.0375 0.075
1 0.6203125 0.44140625 0.06875 0.0953125
0 0.51015625 0.465625 0.0421875 0.065625
1 0.26875 0.515625 0.115625 0.19375
0 0.36953125 0.54296875 0.0578125 0.0765625
1 0.125 0.5875 0.10625 0.125
0 0.33984375 0.6109375 0.0765625 0.0875
0 0.6125 0.65390625 0.09375 0.1203125
1 0.12109375 0.7140625 0.1921875 0.26875
1 0.02265625 0.721875 0.0390625 0.153125
0 0.2859375 0.85078125 0.11875 0.1734375
0 0.6484375 0.88203125 0.146875 0.2359375