1 0.57421875 0.45078125 0.0703125 0.1359375
1 0.25078125 0.46484375 0.0734375 0.0953125
1 0.646875 0.47890625 0.05625 0.0953125
0 0.32265625 0.4875 0.0421875 0.05625
0 0.5140625 0.49765625 0.0375 0.0546875
0 0.37421875 0.51328125 0.0453125 0.0640625
1 0.1625 0.534375 0.1375 0.165625
0 0.2921875 0.53671875 0.05 0.0609375
0 0.3671875 0.56796875 0.053125 0.0734375
0 0.575 0.578125 0.059375 0.09375
0 0.25859375 0.59140625 0.0671875 0.0921875
0 0.33125 0.65234375 0.071875 0.0828125
0 0.27734375 0.83984375 0.1296875 0.1796875
0 0.6703125 0.9015625 0.1375 0.196875