1 0.5078125 0.346875 0.0125 0.025
0 0.4671875 0.346875 0.0125 0.015625
1 0.4890625 0.3484375 0.015625 0.025
1 0.5265625 0.365625 0.025 0.0375
0 0.47578125 0.36875 0.0140625 0.01875
0 0.48515625 0.38359375 0.0203125 0.0203125
1 0.34296875 0.3890625 0.0296875 0.04375
0 0.48515625 0.40625 0.0203125 0.034375
0 0.36484375 0.42109375 0.0203125 0.0296875
0 0.40703125 0.42109375 0.0203125 0.0296875
1 0.55 0.4328125 0.028125 0.05625
1 0.315625 0.465625 0.078125 0.125
1 0.59375 0.46953125 0.0625 0.1015625
1 0.240625 0.471875 0.05 0.071875
0 0.396875 0.471875 0.03125 0.04375
0 0.52421875 0.5078125 0.0421875 0.06875
0 0.38359375 0.50859375 0.0421875 0.0546875
1 0.1625 0.64921875 0.21875 0.3015625
0 0.3328125 0.65 0.075 0.1125
0 0.2953125 0.73984375 0.096875 0.1171875
1 0.05625 0.86640625 0.1125 0.2671875
0 0.2609375 0.90078125 0.128125 0.1640625