0 0.56484375 0.4 0.0359375 0.0375
0 0.53046875 0.40703125 0.0328125 0.0390625
0 0.48828125 0.41875 0.0328125 0.046875
0 0.41640625 0.428125 0.0390625 0.05
0 0.61171875 0.4390625 0.0453125 0.05625
1 0.34453125 0.43984375 0.0421875 0.0703125
1 0.27265625 0.4453125 0.0640625 0.10625
0 0.50703125 0.45625 0.0421875 0.05625
0 0.5875 0.465625 0.05625 0.059375
1 0.3265625 0.4703125 0.05 0.08125
0 0.3890625 0.471875 0.065625 0.05
0 0.5859375 0.5 0.059375 0.06875
1 0.1984375 0.50625 0.109375 0.140625
0 0.38125 0.521875 0.05625 0.065625
0 0.13828125 0.534375 0.0390625 0.065625
0 0.16953125 0.578125 0.0703125 0.09375
0 0.66171875 0.584375 0.0828125 0.1
0 0.34609375 0.59453125 0.0703125 0.1015625
0 0.04296875 0.65234375 0.0859375 0.1546875
1 0.19375 0.65625 0.153125 0.215625
0 0.5765625 0.6625 0.1 0.14375
0 0.93046875 0.78203125 0.1390625 0.2265625
0 0.053125 0.834375 0.10625 0.165625
0 0.2859375 0.875 0.15625 0.175
0 0.85859375 0.8828125 0.1734375 0.234375