1 0.34921875 0.41953125 0.0546875 0.0859375
0 0.39609375 0.4390625 0.0296875 0.03125
1 0.2765625 0.45703125 0.046875 0.0609375
0 0.3921875 0.46953125 0.034375 0.0484375
0 0.5109375 0.4703125 0.040625 0.05625
1 0.31171875 0.47265625 0.0640625 0.0828125
1 0.2375 0.48515625 0.046875 0.0578125
0 0.38046875 0.51796875 0.0359375 0.0484375
1 0.690625 0.52265625 0.075 0.0921875
1 0.1734375 0.54609375 0.08125 0.1078125
0 0.36953125 0.56875 0.0609375 0.075
1 0.22890625 0.58515625 0.1390625 0.1921875
1 0.06015625 0.65234375 0.1203125 0.1546875
0 0.32578125 0.66796875 0.0828125 0.0890625
0 0.61484375 0.753125 0.1109375 0.16875
0 0.27734375 0.83125 0.1203125 0.153125