1 0.3140625 0.41484375 0.05 0.0703125
0 0.346875 0.459375 0.028125 0.0625
0 0.390625 0.478125 0.0375 0.0625
1 0.25546875 0.53046875 0.1265625 0.1640625
0 0.3703125 0.546875 0.05 0.075
0 0.34921875 0.59765625 0.0640625 0.0796875
1 0.15390625 0.65625 0.2234375 0.309375
0 0.3296875 0.6625 0.0875 0.115625
0 0.0171875 0.73515625 0.034375 0.0796875
0 0.61640625 0.75234375 0.1296875 0.1546875
0 0.29609375 0.76328125 0.1171875 0.1484375
1 0.05078125 0.88203125 0.1015625 0.2359375
0 0.2609375 0.91015625 0.1375 0.1796875