0 0.47265625 0.36328125 0.0203125 0.0265625
1 0.50859375 0.37109375 0.0265625 0.0328125
1 0.325 0.409375 0.040625 0.05625
0 0.3734375 0.41015625 0.028125 0.0328125
0 0.525 0.4125 0.0375 0.040625
1 0.28515625 0.41484375 0.0484375 0.0546875
0 0.35703125 0.4375 0.0234375 0.03125
0 0.39921875 0.44609375 0.0359375 0.0421875
0 0.5171875 0.46796875 0.040625 0.0515625
1 0.24609375 0.47265625 0.0796875 0.1078125
0 0.32109375 0.49609375 0.0359375 0.0671875
0 0.3890625 0.51171875 0.053125 0.0609375
1 0.26640625 0.52109375 0.0890625 0.1671875
0 0.36328125 0.57265625 0.0703125 0.0828125
0 0.32421875 0.64609375 0.0796875 0.0953125
1 0.15703125 0.65 0.2328125 0.303125
0 0.290625 0.7515625 0.109375 0.11875
1 0.059375 0.8671875 0.11875 0.265625
0 0.25859375 0.90703125 0.1515625 0.1859375