0 0.2875 0.4375 0.028125 0.040625
1 0.57109375 0.44453125 0.0671875 0.1234375
0 0.3390625 0.45625 0.03125 0.040625
1 0.634375 0.46484375 0.05625 0.0953125
1 0.24375 0.48125 0.078125 0.121875
0 0.5109375 0.48125 0.0375 0.053125
0 0.32265625 0.4875 0.0421875 0.05625
0 0.37421875 0.51328125 0.0453125 0.0640625
0 0.2921875 0.53671875 0.05 0.0609375
1 0.16171875 0.53984375 0.1515625 0.1703125
0 0.55546875 0.55 0.0453125 0.078125
0 0.3671875 0.57734375 0.05625 0.0796875
0 0.25859375 0.59140625 0.0671875 0.0921875
0 0.3296875 0.659375 0.078125 0.09375
0 0.62421875 0.8109375 0.1015625 0.1875
0 0.27265625 0.853125 0.1390625 0.203125