1 0.490625 0.346875 0.01875 0.0375
0 0.46953125 0.36171875 0.0109375 0.0140625
1 0.34375 0.384375 0.034375 0.05625
1 0.36640625 0.40625 0.0296875 0.04375
0 0.4 0.4078125 0.025 0.01875
1 0.31328125 0.41796875 0.0421875 0.0609375
0 0.3984375 0.42890625 0.028125 0.0296875
0 0.275 0.43125 0.034375 0.03125
0 0.54765625 0.43203125 0.0265625 0.0359375
1 0.34375 0.44375 0.04375 0.071875
0 0.4 0.45390625 0.03125 0.0328125
0 0.278125 0.46796875 0.034375 0.0390625
0 0.3921875 0.47109375 0.034375 0.0421875
0 0.328125 0.478125 0.0375 0.053125
0 0.378125 0.49453125 0.0375 0.0515625
0 0.28125 0.51875 0.04375 0.05625
0 0.2671875 0.56953125 0.059375 0.0734375
0 0.353125 0.57578125 0.059375 0.0859375
1 0.10078125 0.58359375 0.1734375 0.1953125
0 0.02734375 0.640625 0.0546875 0.0875
0 0.21015625 0.67578125 0.0859375 0.0984375
0 0.2390625 0.96640625 0.146875 0.0671875