1 0.4953125 0.35390625 0.025 0.0453125
0 0.475 0.37890625 0.0125 0.0171875
1 0.3453125 0.38125 0.034375 0.05625
1 0.36640625 0.40625 0.0296875 0.04375
0 0.4 0.4078125 0.025 0.01875
1 0.31328125 0.41796875 0.0421875 0.0609375
0 0.3984375 0.42890625 0.028125 0.0296875
1 0.34765625 0.4375 0.0359375 0.0625
0 0.2984375 0.44296875 0.034375 0.0390625
0 0.403125 0.45 0.03125 0.034375
0 0.3921875 0.46875 0.034375 0.040625
0 0.328125 0.47421875 0.0375 0.0515625
0 0.2734375 0.49375 0.0375 0.040625
0 0.378125 0.49453125 0.0375 0.0515625
0 0.6171875 0.53203125 0.05625 0.0640625
0 0.36796875 0.53984375 0.0546875 0.0796875
0 0.2796875 0.54609375 0.05 0.0671875
1 0.1375 0.553125 0.15 0.16875
0 0.2359375 0.634375 0.075 0.0875
1 0.03828125 0.69140625 0.0765625 0.2546875
0 0.30078125 0.81875 0.1109375 0.146875
0 0.0671875 0.9109375 0.134375 0.178125