1 0.5 0.36015625 0.025 0.0453125
1 0.35 0.37421875 0.03125 0.0484375
0 0.48046875 0.3890625 0.0171875 0.01875
1 0.36640625 0.40625 0.0296875 0.04375
0 0.4 0.4078125 0.025 0.01875
1 0.32109375 0.4140625 0.0328125 0.04375
0 0.3984375 0.42890625 0.028125 0.0296875
1 0.34921875 0.4359375 0.0359375 0.0625
0 0.30234375 0.44140625 0.0265625 0.0328125
0 0.403125 0.45 0.03125 0.034375
0 0.33125 0.46796875 0.0375 0.0515625
0 0.3921875 0.46875 0.034375 0.040625
0 0.275 0.48515625 0.0375 0.0421875
0 0.378125 0.49453125 0.0375 0.0515625
0 0.28984375 0.53125 0.0484375 0.0625
0 0.36796875 0.53984375 0.0546875 0.0796875
1 0.15 0.54140625 0.14375 0.1578125
0 0.6734375 0.615625 0.08125 0.1
0 0.24765625 0.615625 0.0703125 0.08125
1 0.05078125 0.703125 0.1015625 0.265625
0 0.315625 0.76875 0.096875 0.128125
0 0.10078125 0.85078125 0.1359375 0.1765625