1 0.61640625 0.4328125 0.0546875 0.08125
1 0.5703125 0.44453125 0.065625 0.0984375
1 0.328125 0.45390625 0.05625 0.0796875
0 0.38828125 0.471875 0.0390625 0.04375
1 0.21484375 0.50234375 0.0640625 0.0953125
0 0.38359375 0.50234375 0.0421875 0.0421875
0 0.521875 0.503125 0.04375 0.0625
1 0.62890625 0.52734375 0.0890625 0.1203125
1 0.275 0.52890625 0.10625 0.1453125
0 0.3703125 0.55 0.05 0.065625
1 0.13828125 0.5625 0.1015625 0.1
0 0.33828125 0.61953125 0.0703125 0.0765625
0 0.5734375 0.690625 0.078125 0.128125
0 0.31171875 0.72421875 0.0953125 0.1265625
1 0.11796875 0.80234375 0.2359375 0.3796875