0 0.3375 0.37734375 0.03125 0.0328125
0 0.4875 0.40625 0.034375 0.0375
0 0.37265625 0.41171875 0.0296875 0.0390625
0 0.5296875 0.41171875 0.028125 0.0390625
0 0.575 0.41875 0.040625 0.05
0 0.415625 0.42265625 0.028125 0.0328125
0 0.35859375 0.4375 0.0328125 0.05
0 0.40078125 0.4375 0.0328125 0.040625
0 0.5484375 0.440625 0.034375 0.059375
1 0.33125 0.4625 0.059375 0.0875
0 0.40625 0.4625 0.046875 0.0625
0 0.50703125 0.46328125 0.0453125 0.0640625
1 0.246875 0.4703125 0.10625 0.11875
1 0.2984375 0.50546875 0.06875 0.0984375
0 0.3609375 0.540625 0.071875 0.0875
1 0.13515625 0.56640625 0.1703125 0.2046875
0 0.68046875 0.56875 0.0671875 0.075
0 0.35703125 0.590625 0.0765625 0.09375
0 0.55625 0.5953125 0.059375 0.09375
0 0.0578125 0.59453125 0.084375 0.1140625
0 0.0453125 0.696875 0.090625 0.134375
0 0.29765625 0.753125 0.1078125 0.134375
1 0.13125 0.7578125 0.225 0.30625
0 0.921875 0.91875 0.15625 0.1625
0 0.01796875 0.9671875 0.0359375 0.065625