0 0.490625 0.41953125 0.025 0.0359375
1 0.30703125 0.421875 0.0421875 0.065625
1 0.26328125 0.446875 0.0671875 0.078125
0 0.66328125 0.51015625 0.0453125 0.0578125
0 0.378125 0.51171875 0.04375 0.0640625
0 0.5265625 0.51875 0.05 0.075
0 0.37265625 0.55 0.0453125 0.065625
1 0.21328125 0.578125 0.1453125 0.209375
1 0.13046875 0.57890625 0.1265625 0.1796875
0 0.35 0.60078125 0.05625 0.0640625
0 0.32890625 0.66640625 0.0859375 0.1203125
0 0.29140625 0.76015625 0.1046875 0.1421875
1 0.08828125 0.80625 0.1765625 0.3875
0 0.7234375 0.928125 0.165625 0.14375
0 0.25 0.93203125 0.146875 0.1359375