1 0.4953125 0.35390625 0.025 0.0453125
1 0.3453125 0.38125 0.034375 0.05625
0 0.47734375 0.3828125 0.0171875 0.01875
1 0.36640625 0.40625 0.0296875 0.04375
0 0.4 0.4078125 0.025 0.01875
1 0.31875 0.4125 0.0375 0.05
0 0.3984375 0.42890625 0.028125 0.0296875
1 0.34765625 0.4375 0.0359375 0.0625
0 0.29609375 0.44140625 0.0203125 0.0328125
0 0.403125 0.45 0.03125 0.034375
0 0.3296875 0.46796875 0.0375 0.0515625
0 0.3921875 0.46875 0.034375 0.040625
0 0.2734375 0.4875 0.0375 0.040625
0 0.378125 0.49453125 0.0375 0.0515625
0 0.2859375 0.53984375 0.05 0.0671875
0 0.36796875 0.53984375 0.0546875 0.0796875
1 0.15 0.54140625 0.14375 0.1578125
0 0.65078125 0.5796875 0.0734375 0.0875
0 0.2453125 0.621875 0.075 0.0875
1 0.04765625 0.69375 0.0953125 0.23125
0 0.31171875 0.78125 0.1015625 0.134375
0 0.08671875 0.8703125 0.1359375 0.18125