1 0.3625 0.4078125 0.046875 0.06875
1 0.3078125 0.4125 0.053125 0.078125
1 0.5578125 0.434375 0.040625 0.071875
0 0.4015625 0.4421875 0.034375 0.0375
0 0.24296875 0.45078125 0.0265625 0.0359375
0 0.34453125 0.4578125 0.0328125 0.04375
1 0.2671875 0.4703125 0.053125 0.06875
0 0.3921875 0.47734375 0.040625 0.0453125
1 0.2015625 0.540625 0.078125 0.096875
0 0.37421875 0.54296875 0.0515625 0.0734375
1 0.72734375 0.56875 0.0765625 0.125
0 0.2640625 0.5734375 0.0625 0.075
0 0.35 0.634375 0.065625 0.09375
0 0.178125 0.7 0.084375 0.096875
1 0.04296875 0.70390625 0.0859375 0.2046875
0 0.12265625 0.853125 0.1359375 0.15
0 0.278125 0.853125 0.125 0.140625