0 0.47578125 0.375 0.0046875 0.021875
1 0.34296875 0.39609375 0.0203125 0.0328125
0 0.53046875 0.39765625 0.0265625 0.0296875
0 0.49296875 0.40546875 0.0234375 0.0359375
0 0.3046875 0.409375 0.034375 0.034375
0 0.41484375 0.409375 0.0171875 0.028125
0 0.36171875 0.43125 0.0234375 0.040625
0 0.4046875 0.43828125 0.01875 0.0359375
0 0.340625 0.4640625 0.025 0.05625
1 0.5671875 0.46640625 0.046875 0.0671875
0 0.6203125 0.46640625 0.040625 0.0546875
0 0.39609375 0.46875 0.0234375 0.04375
1 0.31015625 0.48359375 0.0578125 0.0953125
1 0.21796875 0.49375 0.1046875 0.14375
0 0.4 0.50859375 0.03125 0.0578125
0 0.52578125 0.53671875 0.0515625 0.0734375
0 0.61484375 0.55390625 0.0484375 0.0671875
1 0.2453125 0.58046875 0.096875 0.1390625
0 0.34140625 0.59453125 0.0640625 0.0890625
1 0.0859375 0.621875 0.171875 0.2375
0 0.3296875 0.70546875 0.078125 0.1109375
1 0.1015625 0.8125 0.203125 0.340625
0 0.96484375 0.871875 0.0703125 0.2125
0 0.2484375 0.909375 0.096875 0.171875
0 0.72109375 0.953125 0.1234375 0.09375