1 0.35859375 0.4046875 0.0546875 0.0875
0 0.5015625 0.44140625 0.034375 0.0421875
1 0.56953125 0.44921875 0.0546875 0.0765625
1 0.32109375 0.45546875 0.0640625 0.0765625
0 0.3890625 0.475 0.034375 0.0375
0 0.38359375 0.50859375 0.0421875 0.0421875
0 0.5171875 0.51875 0.046875 0.065625
1 0.203125 0.5234375 0.078125 0.1125
1 0.253125 0.55078125 0.121875 0.1734375
0 0.36796875 0.553125 0.0546875 0.065625
1 0.109375 0.58671875 0.109375 0.1140625
0 0.56953125 0.63984375 0.0703125 0.1046875
0 0.33359375 0.64140625 0.0703125 0.0828125
0 0.296875 0.76640625 0.103125 0.1421875
1 0.9265625 0.76875 0.146875 0.228125
1 0.1046875 0.82265625 0.209375 0.3546875