0 0.484375 0.3859375 0.040625 0.0375
1 0.31875 0.403125 0.04375 0.059375
0 0.41328125 0.41015625 0.0296875 0.0328125
0 0.50234375 0.4203125 0.0453125 0.04375
1 0.29375 0.43203125 0.059375 0.0640625
0 0.40546875 0.43203125 0.0421875 0.0390625
0 0.35703125 0.44375 0.0390625 0.04375
0 0.32734375 0.47734375 0.0328125 0.0546875
0 0.37734375 0.496875 0.0515625 0.053125
1 0.70390625 0.534375 0.0859375 0.121875
1 0.2453125 0.546875 0.1375 0.175
1 0.63359375 0.546875 0.0765625 0.159375
0 0.375 0.55234375 0.065625 0.0671875
1 0.11328125 0.58125 0.1546875 0.16875
0 0.34375 0.596875 0.05625 0.075
0 0.3296875 0.65 0.096875 0.115625
1 0.11875 0.715625 0.2375 0.3875
0 0.29375 0.7578125 0.121875 0.15625
0 0.26328125 0.91015625 0.1515625 0.1796875