0 0.51640625 0.40078125 0.0328125 0.0484375
1 0.32109375 0.40859375 0.0484375 0.0703125
1 0.28359375 0.425 0.0484375 0.0625
0 0.3546875 0.43984375 0.025 0.0328125
0 0.50546875 0.440625 0.0421875 0.046875
0 0.39921875 0.45078125 0.0390625 0.0484375
1 0.2421875 0.465625 0.08125 0.09375
0 0.384375 0.521875 0.05 0.084375
1 0.26171875 0.52578125 0.1078125 0.1609375
0 0.3578125 0.584375 0.065625 0.084375
1 0.15859375 0.65625 0.2296875 0.321875
0 0.04765625 0.66875 0.0671875 0.10625
0 0.32578125 0.675 0.1046875 0.121875
0 0.29765625 0.75859375 0.1203125 0.1296875
1 0.06015625 0.86328125 0.1203125 0.2734375
0 0.2625 0.915625 0.159375 0.153125