1 0.35390625 0.42109375 0.0515625 0.0828125
1 0.3 0.425 0.0625 0.0875
0 0.3984375 0.4546875 0.034375 0.0375
1 0.61875 0.459375 0.040625 0.06875
0 0.33125 0.47890625 0.04375 0.0453125
0 0.209375 0.484375 0.0375 0.046875
1 0.24609375 0.496875 0.0546875 0.08125
0 0.3859375 0.49765625 0.040625 0.0546875
0 0.36796875 0.57109375 0.0578125 0.0796875
1 0.1671875 0.575 0.084375 0.103125
0 0.54140625 0.58125 0.0609375 0.08125
0 0.23046875 0.62890625 0.0796875 0.0921875
0 0.34296875 0.6734375 0.0734375 0.1
1 0.859375 0.79765625 0.253125 0.4046875
0 0.62578125 0.8 0.1046875 0.18125
0 0.10234375 0.8203125 0.1203125 0.13125
0 0.25546875 0.9203125 0.1421875 0.159375