0 0.340625 0.37734375 0.03125 0.0328125
0 0.37265625 0.41171875 0.0296875 0.0390625
0 0.415625 0.42265625 0.028125 0.0328125
0 0.5390625 0.425 0.03125 0.05
0 0.49921875 0.4296875 0.0359375 0.05
0 0.40078125 0.43359375 0.0328125 0.0421875
0 0.35859375 0.4375 0.0328125 0.05
0 0.6 0.43984375 0.04375 0.0546875
0 0.40859375 0.446875 0.0453125 0.05625
1 0.33125 0.4546875 0.059375 0.0875
1 0.246875 0.46875 0.10625 0.11875
0 0.56640625 0.46875 0.0484375 0.071875
1 0.30390625 0.496875 0.0734375 0.096875
0 0.52265625 0.50703125 0.0671875 0.0984375
0 0.375 0.51953125 0.05625 0.0734375
1 0.15 0.54765625 0.140625 0.1671875
0 0.36484375 0.57734375 0.0671875 0.0796875
0 0.76015625 0.65703125 0.0953125 0.1265625
0 0.015625 0.6625 0.03125 0.103125
0 0.06953125 0.68671875 0.1046875 0.1109375
0 0.30703125 0.715625 0.0921875 0.125
0 0.60234375 0.721875 0.0953125 0.14375
1 0.15625 0.74375 0.225 0.30625
0 0.0359375 0.9609375 0.071875 0.078125