1 0.35078125 0.41875 0.0515625 0.084375
1 0.29609375 0.4265625 0.0671875 0.09375
1 0.59765625 0.43828125 0.0390625 0.0640625
0 0.3984375 0.4546875 0.034375 0.0375
0 0.325 0.48359375 0.04375 0.0453125
0 0.1953125 0.496875 0.046875 0.053125
1 0.2421875 0.496875 0.0625 0.084375
0 0.38359375 0.50625 0.0421875 0.059375
0 0.52421875 0.52265625 0.0515625 0.0671875
1 0.365625 0.57734375 0.059375 0.0828125
1 0.15625 0.5890625 0.090625 0.11875
0 0.2171875 0.64921875 0.084375 0.0890625
0 0.5734375 0.653125 0.071875 0.115625
1 0.75234375 0.68046875 0.1703125 0.3015625
0 0.3390625 0.68984375 0.084375 0.1046875
0 0.06953125 0.871875 0.1296875 0.140625
0 0.67890625 0.8984375 0.1515625 0.203125
0 0.25078125 0.9328125 0.1421875 0.134375