1 0.265625 0.459375 0.071875 0.09375
0 0.32890625 0.478125 0.0359375 0.046875
0 0.37890625 0.5109375 0.0453125 0.0625
1 0.18671875 0.51328125 0.1234375 0.1390625
0 0.2984375 0.52421875 0.04375 0.0515625
0 0.37265625 0.5625 0.0515625 0.071875
1 0.65703125 0.56875 0.1296875 0.234375
0 0.27265625 0.57265625 0.0609375 0.0828125
0 0.76484375 0.596875 0.0703125 0.090625
0 0.340625 0.62890625 0.071875 0.0828125
1 0.12109375 0.7125 0.2421875 0.340625
0 0.30390625 0.74609375 0.1046875 0.1546875
1 0.9328125 0.78828125 0.134375 0.3234375
0 0.67109375 0.90234375 0.1390625 0.1921875
0 0.22890625 0.928125 0.1671875 0.14375