1 0.29609375 0.4234375 0.0609375 0.0875
0 0.39140625 0.4421875 0.0265625 0.0375
0 0.35078125 0.45 0.0328125 0.040625
0 0.25078125 0.45625 0.0359375 0.040625
0 0.51796875 0.46796875 0.0328125 0.0484375
0 0.396875 0.475 0.0375 0.04375
0 0.20390625 0.484375 0.0484375 0.05
1 0.3171875 0.4875 0.071875 0.1
0 0.3734375 0.528125 0.05 0.0625
0 0.18828125 0.54453125 0.0578125 0.0765625
0 0.5453125 0.5625 0.05625 0.084375
0 0.25 0.58515625 0.071875 0.0953125
1 0.10078125 0.621875 0.1265625 0.153125
0 0.31953125 0.6265625 0.0859375 0.09375
0 0.80078125 0.64765625 0.0921875 0.1046875
0 0.8140625 0.83828125 0.153125 0.1734375
0 0.0859375 0.87890625 0.146875 0.1703125
0 0.6609375 0.90390625 0.1375 0.1921875