0 0.365625 0.415625 0.03125 0.0375
0 0.4078125 0.421875 0.0375 0.040625
0 0.3109375 0.43046875 0.040625 0.0484375
1 0.55078125 0.43203125 0.0484375 0.0765625
0 0.60078125 0.43828125 0.0296875 0.0390625
0 0.3484375 0.4453125 0.0375 0.04375
0 0.40546875 0.45546875 0.0359375 0.0390625
0 0.2578125 0.471875 0.04375 0.04375
0 0.32890625 0.48359375 0.0390625 0.0453125
0 0.51328125 0.4875 0.0453125 0.0625
1 0.65859375 0.49375 0.0671875 0.1
0 0.384375 0.503125 0.04375 0.046875
0 0.5859375 0.50390625 0.046875 0.0671875
0 0.309375 0.5125 0.05 0.0625
0 0.375 0.54375 0.046875 0.0625
1 0.15234375 0.54453125 0.1265625 0.1734375
1 0.24765625 0.559375 0.1015625 0.13125
0 0.384375 0.59296875 0.0625 0.0859375
1 0.196875 0.634375 0.11875 0.15625
0 0.5546875 0.64765625 0.06875 0.1046875
1 0.03984375 0.671875 0.0796875 0.190625
0 0.309375 0.68359375 0.096875 0.1046875
0 0.88203125 0.7125 0.1265625 0.14375
0 0.28984375 0.809375 0.1046875 0.13125
1 0.09375 0.82890625 0.1875 0.3421875
1 0.8484375 0.85546875 0.196875 0.2765625
0 0.23359375 0.9390625 0.1484375 0.121875