1 0.4859375 0.33984375 0.015625 0.0296875
0 0.46484375 0.346875 0.0109375 0.015625
0 0.5078125 0.38046875 0.01875 0.0234375
1 0.3390625 0.3875 0.034375 0.05625
0 0.4 0.4078125 0.025 0.01875
1 0.36484375 0.409375 0.0296875 0.04375
0 0.3984375 0.42890625 0.028125 0.0296875
1 0.29453125 0.44140625 0.0484375 0.0671875
1 0.34375 0.44375 0.04375 0.071875
0 0.4 0.45625 0.03125 0.034375
0 0.3921875 0.47109375 0.034375 0.0421875
0 0.3171875 0.4875 0.040625 0.053125
0 0.20078125 0.49375 0.0453125 0.040625
0 0.25 0.5 0.040625 0.05
0 0.37734375 0.503125 0.0421875 0.05625
0 0.2828125 0.546875 0.05 0.0625
0 0.234375 0.62265625 0.071875 0.0921875
1 0.7453125 0.6578125 0.13125 0.24375
1 0.05703125 0.68125 0.1140625 0.284375
0 0.3125 0.7 0.084375 0.134375
0 0.0953125 0.86640625 0.140625 0.1578125