1 0.5734375 0.39609375 0.0375 0.0671875
1 0.34921875 0.41875 0.0578125 0.084375
0 0.39609375 0.45 0.0296875 0.03125
1 0.57734375 0.47578125 0.0421875 0.0640625
1 0.29375 0.490625 0.09375 0.15625
0 0.378125 0.521875 0.053125 0.078125
0 0.5359375 0.5328125 0.053125 0.06875
1 0.16640625 0.54453125 0.0953125 0.0984375
0 0.35703125 0.56875 0.0546875 0.071875
1 0.7625 0.5734375 0.14375 0.1875
1 0.66015625 0.5875 0.0953125 0.159375
1 0.1875 0.62578125 0.146875 0.1859375
1 0.05546875 0.678125 0.1109375 0.153125
0 0.31484375 0.734375 0.0921875 0.109375
0 0.6859375 0.8921875 0.140625 0.215625