1 0.334375 0.44453125 0.0625 0.0984375
1 0.28046875 0.446875 0.0515625 0.071875
0 0.5609375 0.4515625 0.034375 0.05625
0 0.503125 0.45859375 0.03125 0.0546875
1 0.2484375 0.471875 0.059375 0.071875
0 0.38828125 0.471875 0.0390625 0.04375
0 0.38359375 0.50234375 0.0421875 0.0421875
1 0.18203125 0.528125 0.0828125 0.115625
1 0.26796875 0.528125 0.1078125 0.134375
0 0.3734375 0.540625 0.05 0.059375
1 0.75078125 0.5703125 0.1046875 0.13125
0 0.35234375 0.58671875 0.0640625 0.0640625
0 0.33125 0.6484375 0.075 0.1
0 0.58203125 0.66875 0.0953125 0.140625
1 0.7484375 0.68515625 0.221875 0.3328125
1 0.1609375 0.69296875 0.146875 0.2015625
1 0.3234375 0.7265625 0.09375 0.13125
0 0.27890625 0.88984375 0.1328125 0.1703125