1 0.56640625 0.3921875 0.0390625 0.0625
0 0.52265625 0.42734375 0.0296875 0.0421875
1 0.334375 0.43828125 0.065625 0.1015625
0 0.4046875 0.4484375 0.028125 0.0375
1 0.27421875 0.453125 0.0421875 0.0625
0 0.5015625 0.453125 0.028125 0.05
0 0.38984375 0.478125 0.0359375 0.04375
0 0.54453125 0.53515625 0.0515625 0.0703125
1 0.2234375 0.57109375 0.159375 0.2296875
0 0.35078125 0.59296875 0.0734375 0.0984375
1 0.06953125 0.65546875 0.1390625 0.1765625
0 0.31796875 0.684375 0.0921875 0.109375
1 0.08125 0.8390625 0.1625 0.321875
0 0.65859375 0.89765625 0.1578125 0.2046875
0 0.26484375 0.9125 0.1390625 0.175