0 0.4796875 0.378125 0.028125 0.03125
0 0.49453125 0.41171875 0.0359375 0.0359375
1 0.29140625 0.43203125 0.0640625 0.0734375
0 0.39921875 0.434375 0.0546875 0.04375
0 0.35390625 0.44296875 0.0421875 0.0515625
1 0.21328125 0.46796875 0.0640625 0.0609375
0 0.32734375 0.48125 0.0453125 0.053125
0 0.38203125 0.50234375 0.0671875 0.0578125
1 0.671875 0.5125 0.053125 0.090625
1 0.61328125 0.51640625 0.0671875 0.1328125
1 0.2453125 0.5484375 0.15 0.1875
1 0.08828125 0.55234375 0.1484375 0.1453125
0 0.37421875 0.55625 0.0734375 0.090625
0 0.34453125 0.60546875 0.0796875 0.0984375
0 0.32734375 0.65703125 0.1015625 0.1234375
1 0.12421875 0.728125 0.2484375 0.415625
0 0.296875 0.74765625 0.140625 0.1421875
0 0.26484375 0.9109375 0.1421875 0.178125