0 0.5515625 0.42421875 0.03125 0.0359375
0 0.31328125 0.434375 0.0296875 0.040625
0 0.35 0.43984375 0.03125 0.0421875
0 0.4984375 0.440625 0.028125 0.040625
0 0.396875 0.45 0.034375 0.04375
1 0.284375 0.45703125 0.046875 0.0515625
1 0.5671875 0.4625 0.04375 0.065625
0 0.3296875 0.46953125 0.0375 0.0390625
0 0.3984375 0.484375 0.040625 0.040625
0 0.3171875 0.5015625 0.04375 0.04375
0 0.2203125 0.51484375 0.040625 0.0453125
0 0.37890625 0.52421875 0.0484375 0.0515625
0 0.3046875 0.53125 0.040625 0.065625
0 0.37265625 0.565625 0.0453125 0.05
1 0.24453125 0.56875 0.0921875 0.125
1 0.10625 0.56875 0.153125 0.171875
0 0.38359375 0.61328125 0.0640625 0.0859375
0 0.5671875 0.6171875 0.065625 0.0875
1 0.19609375 0.640625 0.1171875 0.159375
1 0.03515625 0.684375 0.0703125 0.1875
0 0.3125 0.69140625 0.090625 0.1046875
0 0.29375 0.809375 0.1 0.125
0 0.62265625 0.82265625 0.1140625 0.2046875
1 0.09140625 0.82890625 0.1828125 0.3421875
1 0.8875 0.85390625 0.203125 0.2921875
0 0.228125 0.94140625 0.15 0.1171875