1 0.31484375 0.40859375 0.0453125 0.0796875
1 0.35390625 0.42109375 0.0390625 0.0546875
0 0.26796875 0.434375 0.0296875 0.0375
0 0.3953125 0.43359375 0.046875 0.0578125
0 0.4015625 0.45546875 0.040625 0.0484375
1 0.33203125 0.46484375 0.0578125 0.0828125
0 0.21328125 0.475 0.0515625 0.059375
0 0.3921875 0.4796875 0.05625 0.075
0 0.2453125 0.4875 0.0375 0.0625
0 0.5296875 0.5125 0.040625 0.0625
0 0.3734375 0.521875 0.053125 0.065625
0 0.284375 0.53125 0.05625 0.075
1 0.18984375 0.540625 0.0796875 0.109375
0 0.1125 0.56015625 0.065625 0.0671875
0 0.20703125 0.671875 0.0859375 0.103125
0 0.321875 0.70625 0.090625 0.115625
0 0.04375 0.77265625 0.0875 0.1328125
0 0.70546875 0.925 0.1796875 0.15