1 0.3671875 0.396875 0.040625 0.05625
1 0.3390625 0.43046875 0.065625 0.1015625
0 0.40078125 0.4390625 0.0296875 0.03125
0 0.39609375 0.46171875 0.0359375 0.0359375
1 0.25078125 0.48125 0.0609375 0.08125
0 0.3859375 0.484375 0.034375 0.046875
1 0.2984375 0.49140625 0.075 0.0921875
1 0.190625 0.52421875 0.065625 0.0734375
0 0.37265625 0.54140625 0.0453125 0.0671875
1 0.10546875 0.5921875 0.1109375 0.1125
0 0.3453125 0.640625 0.06875 0.090625
1 0.15859375 0.678125 0.2140625 0.284375
0 0.29296875 0.78515625 0.1015625 0.1203125