0 0.3140625 0.42734375 0.0375 0.0453125
0 0.35078125 0.44375 0.0359375 0.0375
1 0.56640625 0.4453125 0.0484375 0.08125
0 0.4078125 0.45 0.034375 0.0375
0 0.6140625 0.45625 0.0375 0.040625
0 0.2625 0.46953125 0.0375 0.0390625
0 0.328125 0.48125 0.0375 0.040625
0 0.384375 0.503125 0.040625 0.05
0 0.31171875 0.5078125 0.0421875 0.05625
0 0.52109375 0.515625 0.0453125 0.0625
1 0.68984375 0.521875 0.0734375 0.11875
0 0.6015625 0.525 0.046875 0.06875
1 0.1578125 0.5375 0.121875 0.1625
0 0.37578125 0.54296875 0.0453125 0.0640625
1 0.2578125 0.54765625 0.084375 0.1203125
0 0.3859375 0.58984375 0.059375 0.0828125
1 0.19375 0.64375 0.115625 0.153125
0 0.31484375 0.678125 0.0921875 0.10625
1 0.03515625 0.68515625 0.0703125 0.1953125
0 0.58671875 0.753125 0.0890625 0.140625
0 0.29140625 0.81015625 0.0984375 0.1203125
1 0.0921875 0.83125 0.184375 0.3375
0 0.23046875 0.94140625 0.1421875 0.1171875