0 0.41015625 0.41328125 0.0234375 0.0359375
0 0.36328125 0.4328125 0.0359375 0.04375
0 0.34296875 0.46171875 0.0328125 0.0359375
0 0.5109375 0.465625 0.046875 0.05
0 0.38671875 0.48828125 0.0453125 0.0734375
1 0.18359375 0.528125 0.1390625 0.1375
1 0.24921875 0.54140625 0.1234375 0.1953125
0 0.37109375 0.54609375 0.0515625 0.0671875
0 0.35234375 0.6 0.0609375 0.071875
0 0.565625 0.63125 0.08125 0.134375
1 0.13984375 0.6609375 0.2390625 0.325
0 0.34140625 0.66875 0.1078125 0.15
0 0.29140625 0.76171875 0.1171875 0.1640625
0 0.259375 0.9109375 0.146875 0.178125