1 0.3234375 0.41796875 0.034375 0.0515625
0 0.40234375 0.4296875 0.0328125 0.0375
1 0.28125 0.45390625 0.040625 0.0578125
0 0.334375 0.46484375 0.0375 0.0453125
1 0.39375 0.478125 0.034375 0.05
0 0.3015625 0.496875 0.034375 0.034375
0 0.384375 0.51640625 0.04375 0.0546875
0 0.3015625 0.5328125 0.04375 0.05625
1 0.18359375 0.5359375 0.0953125 0.1125
0 0.35703125 0.61875 0.0734375 0.08125
1 0.07890625 0.62421875 0.1140625 0.1515625
0 0.6875 0.628125 0.075 0.109375
1 0.21015625 0.63515625 0.1234375 0.1546875