1 0.321875 0.41484375 0.034375 0.0421875
0 0.4890625 0.41796875 0.028125 0.0359375
0 0.36015625 0.42421875 0.0296875 0.0359375
1 0.5875 0.428125 0.0375 0.040625
0 0.40703125 0.43671875 0.0296875 0.0390625
1 0.56875 0.45703125 0.04375 0.0609375
0 0.34375 0.465625 0.03125 0.040625
0 0.39765625 0.47421875 0.0359375 0.0484375
1 0.23828125 0.48125 0.0609375 0.0875
0 0.51796875 0.5 0.0453125 0.05625
1 0.296875 0.50625 0.059375 0.0875
0 0.3875 0.5171875 0.04375 0.05
1 0.17734375 0.525 0.0703125 0.090625
1 0.103125 0.60703125 0.10625 0.1609375
1 0.2 0.628125 0.103125 0.153125
0 0.325 0.7265625 0.084375 0.10625
1 0.94375 0.765625 0.1125 0.33125