1 0.5515625 0.43984375 0.034375 0.0453125
1 0.27421875 0.465625 0.0484375 0.059375
0 0.3265625 0.47421875 0.040625 0.0390625
0 0.3953125 0.4921875 0.040625 0.05
0 0.31484375 0.503125 0.0421875 0.040625
0 0.209375 0.52734375 0.040625 0.0453125
0 0.53359375 0.528125 0.0546875 0.0625
0 0.3046875 0.53125 0.040625 0.065625
0 0.37734375 0.5328125 0.0484375 0.05625
1 0.24609375 0.5625 0.0921875 0.125
0 0.3734375 0.5703125 0.05 0.05625
1 0.0953125 0.57734375 0.153125 0.1703125
1 0.690625 0.6125 0.09375 0.165625
0 0.38203125 0.61328125 0.0671875 0.0859375
0 0.5609375 0.61875 0.071875 0.109375
1 0.19609375 0.640625 0.1171875 0.159375
1 0.03515625 0.684375 0.0703125 0.1875
0 0.3125 0.69140625 0.090625 0.1046875
0 0.29375 0.809375 0.1 0.125
1 0.09140625 0.82890625 0.1828125 0.3421875