1 0.5109375 0.375 0.01875 0.040625
0 0.54453125 0.390625 0.0203125 0.028125
0 0.521875 0.403125 0.021875 0.03125
0 0.565625 0.403125 0.025 0.034375
0 0.4890625 0.409375 0.01875 0.028125
0 0.41796875 0.421875 0.0171875 0.034375
0 0.590625 0.42421875 0.028125 0.0359375
0 0.534375 0.43515625 0.021875 0.0296875
1 0.28203125 0.4375 0.0640625 0.09375
1 0.3453125 0.43671875 0.040625 0.0640625
0 0.38984375 0.45 0.0328125 0.0375
0 0.5671875 0.4609375 0.025 0.0375
1 0.3234375 0.4640625 0.04375 0.08125
0 0.50390625 0.465625 0.0265625 0.034375
1 0.21953125 0.49296875 0.0984375 0.1390625
0 0.3890625 0.49609375 0.034375 0.0453125
1 0.6640625 0.496875 0.053125 0.075
0 0.3546875 0.56015625 0.05 0.0828125
0 0.53984375 0.56171875 0.0578125 0.0765625
0 0.10078125 0.575 0.0859375 0.10625
0 0.72578125 0.57890625 0.0671875 0.0796875
0 0.6640625 0.6125 0.059375 0.1
1 0.215625 0.6171875 0.140625 0.2
0 0.06953125 0.7375 0.0890625 0.128125
0 0.31328125 0.75859375 0.0953125 0.1296875
0 0.9265625 0.9125 0.146875 0.175