1 0.3671875 0.396875 0.040625 0.05625
1 0.3375 0.42421875 0.065625 0.1015625
0 0.40078125 0.4390625 0.0296875 0.03125
0 0.39609375 0.46171875 0.0359375 0.0359375
1 0.25078125 0.48125 0.0609375 0.08125
0 0.3859375 0.484375 0.034375 0.046875
1 0.3 0.4875 0.071875 0.0875
1 0.190625 0.52421875 0.065625 0.0734375
0 0.37265625 0.54140625 0.0453125 0.0671875
1 0.10546875 0.5921875 0.1109375 0.1125
0 0.3453125 0.640625 0.06875 0.090625
1 0.16875 0.67578125 0.209375 0.2859375
0 0.296875 0.77734375 0.103125 0.1203125