1 0.559375 0.39296875 0.040625 0.0609375
0 0.51796875 0.41796875 0.0265625 0.0390625
0 0.4984375 0.43359375 0.028125 0.0453125
1 0.33046875 0.440625 0.0671875 0.103125
0 0.40390625 0.45078125 0.0265625 0.0390625
1 0.27109375 0.46015625 0.0453125 0.0703125
0 0.3921875 0.48359375 0.034375 0.0453125
0 0.52890625 0.4953125 0.0421875 0.05625
1 0.2140625 0.58125 0.171875 0.234375
0 0.3484375 0.603125 0.071875 0.1
1 0.06875 0.65625 0.1375 0.171875
0 0.3125 0.703125 0.0875 0.11875
0 0.5859375 0.71171875 0.1 0.1515625
1 0.83515625 0.8203125 0.2328125 0.29375
1 0.0765625 0.84765625 0.153125 0.3046875
0 0.26328125 0.9125 0.1328125 0.175