1 0.359375 0.40546875 0.04375 0.0640625
1 0.33203125 0.43359375 0.0671875 0.1046875
0 0.40078125 0.4390625 0.0296875 0.03125
0 0.39453125 0.46953125 0.0359375 0.0359375
1 0.240625 0.48203125 0.071875 0.0984375
0 0.38203125 0.496875 0.0390625 0.05
1 0.2828125 0.50859375 0.08125 0.1078125
1 0.17421875 0.53828125 0.0796875 0.0859375
0 0.36171875 0.5671875 0.0484375 0.075
0 0.56015625 0.6140625 0.0734375 0.10625
1 0.06953125 0.6265625 0.1390625 0.13125
0 0.33515625 0.684375 0.0859375 0.10625
1 0.91953125 0.74765625 0.1609375 0.3671875
1 0.121875 0.77109375 0.24375 0.3796875
0 0.26796875 0.87265625 0.1328125 0.1578125