1 0.3375 0.4359375 0.05625 0.0625
0 0.50703125 0.459375 0.0390625 0.05625
0 0.38828125 0.471875 0.0390625 0.04375
1 0.6859375 0.48359375 0.096875 0.1078125
1 0.2359375 0.49140625 0.059375 0.0921875
0 0.38359375 0.50234375 0.0421875 0.0421875
1 0.29296875 0.50625 0.0890625 0.13125
1 0.16953125 0.53125 0.0859375 0.078125
0 0.3703125 0.54453125 0.05 0.0609375
0 0.54140625 0.575 0.0578125 0.09375
0 0.34921875 0.60078125 0.0640625 0.0640625
1 0.73984375 0.61953125 0.1890625 0.2515625
1 0.059375 0.665625 0.11875 0.196875
0 0.32421875 0.671875 0.0859375 0.10625
1 0.14921875 0.69921875 0.2203125 0.2984375
0 0.65703125 0.85 0.1203125 0.2
1 0.28203125 0.8765625 0.1296875 0.19375