0 0.5171875 0.3875 0.021875 0.0375
0 0.48125 0.39140625 0.025 0.0328125
1 0.33046875 0.40703125 0.0265625 0.0359375
0 0.528125 0.40859375 0.028125 0.0328125
0 0.365625 0.421875 0.01875 0.03125
0 0.41015625 0.43203125 0.0203125 0.0265625
0 0.2796875 0.44609375 0.028125 0.0421875
0 0.34375 0.45625 0.025 0.046875
0 0.5109375 0.46796875 0.0375 0.0515625
0 0.625 0.4703125 0.040625 0.05625
0 0.39609375 0.48046875 0.0234375 0.0484375
1 0.325 0.4890625 0.0375 0.05625
0 0.37890625 0.51484375 0.0265625 0.0453125
1 0.2875 0.51640625 0.065625 0.0953125
1 0.190625 0.52109375 0.109375 0.1671875
0 0.3921875 0.559375 0.05 0.075
0 0.5640625 0.596875 0.0625 0.096875
1 0.20703125 0.61953125 0.1046875 0.1515625
0 0.6953125 0.65 0.0875 0.109375
0 0.328125 0.65234375 0.06875 0.1078125
1 0.0609375 0.671875 0.115625 0.26875
0 0.85625 0.68203125 0.103125 0.1109375
0 0.29609375 0.80078125 0.0765625 0.1109375
1 0.08828125 0.825 0.1765625 0.35
0 0.22890625 0.93125 0.1046875 0.1125