1 0.53359375 0.40625 0.0484375 0.075
1 0.29296875 0.42265625 0.0546875 0.0828125
1 0.33359375 0.45 0.0453125 0.071875
1 0.62265625 0.45625 0.0390625 0.05625
0 0.50703125 0.46640625 0.0359375 0.0453125
0 0.56875 0.46875 0.034375 0.05
0 0.3953125 0.47265625 0.034375 0.0453125
1 0.23203125 0.478125 0.0828125 0.128125
1 0.66640625 0.5 0.0546875 0.065625
0 0.1765625 0.51328125 0.059375 0.0640625
0 0.37421875 0.5140625 0.0390625 0.05625
0 0.3 0.51640625 0.053125 0.0546875
0 0.6109375 0.55546875 0.05625 0.0765625
1 0.2421875 0.5875 0.109375 0.153125
0 0.33984375 0.65 0.0734375 0.0875
0 0.11484375 0.653125 0.0765625 0.090625
0 0.715625 0.68515625 0.096875 0.1328125
0 0.5734375 0.6875 0.08125 0.1125
1 0.87421875 0.7015625 0.1171875 0.16875
1 0.05234375 0.91015625 0.1046875 0.1796875
0 0.23828125 0.9234375 0.1453125 0.153125