1 0.346875 0.37109375 0.03125 0.0453125
1 0.52421875 0.38203125 0.0328125 0.0484375
1 0.3234375 0.4 0.046875 0.06875
0 0.4234375 0.40546875 0.021875 0.0265625
0 0.40390625 0.41015625 0.0234375 0.0296875
0 0.29453125 0.41328125 0.0265625 0.0359375
1 0.35703125 0.41875 0.0421875 0.059375
0 0.540625 0.42578125 0.03125 0.0390625
0 0.50703125 0.428125 0.0296875 0.0375
0 0.396875 0.43203125 0.03125 0.0359375
0 0.259375 0.43828125 0.034375 0.0390625
0 0.40078125 0.44375 0.0328125 0.028125
0 0.50703125 0.45 0.0390625 0.046875
0 0.39921875 0.45859375 0.0359375 0.0453125
1 0.33515625 0.459375 0.0578125 0.084375
0 0.26953125 0.46328125 0.0390625 0.0515625
0 0.3859375 0.48984375 0.04375 0.0546875
0 0.19140625 0.49453125 0.0328125 0.0515625
1 0.23828125 0.49921875 0.0703125 0.0890625
0 0.3015625 0.51015625 0.053125 0.0703125
0 0.3515625 0.6 0.071875 0.0875
0 0.2484375 0.61171875 0.071875 0.0890625
0 0.13671875 0.62890625 0.0765625 0.0921875
0 0.71328125 0.95078125 0.1453125 0.0984375