1 0.55234375 0.3828125 0.0359375 0.05625
1 0.3296875 0.44609375 0.065625 0.1078125
0 0.40234375 0.4546875 0.0296875 0.0375
1 0.265625 0.45859375 0.05 0.0671875
0 0.51875 0.4703125 0.0375 0.05625
0 0.390625 0.48671875 0.0375 0.0484375
1 0.2078125 0.590625 0.175 0.246875
0 0.55234375 0.60625 0.0703125 0.1
0 0.34609375 0.6125 0.0703125 0.10625
1 0.06328125 0.66796875 0.1265625 0.1859375
1 0.74921875 0.68984375 0.1578125 0.2046875
0 0.30859375 0.709375 0.0953125 0.11875
1 0.07109375 0.8546875 0.1421875 0.290625
0 0.2640625 0.9140625 0.1375 0.171875