1 0.346875 0.37109375 0.03125 0.0453125
1 0.52734375 0.38671875 0.0328125 0.0484375
1 0.3234375 0.4 0.046875 0.06875
0 0.4234375 0.40546875 0.021875 0.0265625
0 0.40390625 0.41015625 0.0234375 0.0296875
0 0.29765625 0.4125 0.0203125 0.034375
1 0.359375 0.415625 0.0375 0.05
0 0.2625 0.43203125 0.034375 0.0390625
0 0.396875 0.43203125 0.03125 0.0359375
0 0.51171875 0.434375 0.0296875 0.0375
0 0.54375 0.434375 0.03125 0.040625
0 0.40078125 0.44375 0.0328125 0.028125
1 0.33515625 0.45703125 0.0578125 0.0859375
0 0.39921875 0.45859375 0.0359375 0.0453125
0 0.51171875 0.4625 0.0390625 0.046875
0 0.26953125 0.46328125 0.0390625 0.0515625
0 0.3859375 0.48515625 0.04375 0.0546875
0 0.19765625 0.48671875 0.0328125 0.0515625
1 0.24296875 0.49296875 0.0703125 0.0890625
0 0.3015625 0.51015625 0.053125 0.0703125
0 0.3546875 0.590625 0.071875 0.0875
0 0.25 0.60546875 0.071875 0.0890625
0 0.14140625 0.61640625 0.0765625 0.0921875