0 0.471875 0.36640625 0.0125 0.0203125
0 0.50234375 0.36875 0.0203125 0.040625
0 0.48203125 0.39375 0.0234375 0.025
0 0.553125 0.403125 0.021875 0.025
0 0.4140625 0.409375 0.01875 0.025
0 0.40078125 0.4171875 0.0234375 0.025
1 0.35078125 0.421875 0.0453125 0.059375
1 0.2859375 0.434375 0.065625 0.078125
0 0.5109375 0.44609375 0.03125 0.0453125
0 0.4015625 0.45234375 0.028125 0.0328125
1 0.240625 0.465625 0.08125 0.08125
0 0.38984375 0.4703125 0.0359375 0.04375
0 0.33515625 0.47265625 0.0390625 0.0453125
0 0.309375 0.50234375 0.04375 0.0578125
0 0.3734375 0.5109375 0.04375 0.0625
0 0.28671875 0.54453125 0.0546875 0.0765625
0 0.371875 0.56015625 0.046875 0.0703125
0 0.5359375 0.56328125 0.05625 0.0984375
1 0.19296875 0.60546875 0.1796875 0.2359375
0 0.3515625 0.6109375 0.059375 0.075
1 0.05859375 0.64296875 0.1171875 0.2265625
0 0.33203125 0.66640625 0.0859375 0.1203125
0 0.284375 0.77265625 0.115625 0.1546875