1 0.5328125 0.4015625 0.034375 0.06875
1 0.2984375 0.4125 0.0625 0.084375
0 0.409375 0.42578125 0.028125 0.0390625
0 0.4921875 0.43203125 0.025 0.0359375
0 0.40625 0.45859375 0.0375 0.0421875
1 0.6265625 0.46640625 0.05625 0.0578125
1 0.30703125 0.47578125 0.0765625 0.1265625
1 0.23359375 0.48203125 0.0921875 0.1390625
0 0.38125 0.50859375 0.046875 0.0546875
0 0.36328125 0.575 0.0640625 0.08125
1 0.14609375 0.6 0.1046875 0.128125
0 0.25 0.60625 0.078125 0.084375
1 0.33984375 0.66796875 0.0796875 0.1109375
0 0.303125 0.81015625 0.10625 0.1453125