1 0.35078125 0.390625 0.0265625 0.0375
1 0.53359375 0.40390625 0.0453125 0.0703125
0 0.37578125 0.40625 0.0265625 0.034375
0 0.41484375 0.41640625 0.0234375 0.0296875
0 0.4984375 0.4328125 0.028125 0.03125
1 0.29921875 0.434375 0.0421875 0.078125
0 0.59609375 0.434375 0.0265625 0.034375
1 0.35234375 0.4375 0.0390625 0.05625
0 0.40546875 0.44921875 0.0328125 0.0359375
1 0.25546875 0.45859375 0.0515625 0.0703125
1 0.303125 0.4875 0.05 0.09375
1 0.2125 0.503125 0.06875 0.1
0 0.51796875 0.50703125 0.0484375 0.0640625
0 0.371875 0.559375 0.053125 0.065625
1 0.25 0.57265625 0.0875 0.1203125
0 0.34296875 0.675 0.0828125 0.1125
0 0.15703125 0.80859375 0.1171875 0.1171875