0 0.4765625 0.3796875 0.021875 0.025
1 0.521875 0.3859375 0.028125 0.05
0 0.37421875 0.41328125 0.0296875 0.0265625
1 0.29453125 0.41640625 0.0484375 0.0578125
0 0.35859375 0.428125 0.0296875 0.0375
1 0.2578125 0.43828125 0.065625 0.0640625
0 0.403125 0.44609375 0.03125 0.0546875
0 0.33671875 0.4765625 0.0265625 0.05625
0 0.571875 0.4796875 0.0625 0.075
1 0.2796875 0.50625 0.103125 0.14375
0 0.3875 0.50625 0.046875 0.065625
0 0.3640625 0.5625 0.05625 0.08125
1 0.1546875 0.65390625 0.225 0.3171875
0 0.3265625 0.65546875 0.09375 0.1234375
0 0.5921875 0.65625 0.0875 0.125
0 0.2859375 0.75234375 0.10625 0.1296875
1 0.065625 0.8578125 0.13125 0.284375
0 0.26171875 0.9078125 0.1453125 0.184375