1 0.3546875 0.371875 0.03125 0.046875
1 0.515625 0.37890625 0.03125 0.0546875
0 0.47421875 0.38125 0.0140625 0.025
1 0.32890625 0.4015625 0.0328125 0.04375
1 0.36484375 0.40625 0.0296875 0.04375
0 0.4 0.4078125 0.025 0.01875
0 0.48125 0.4125 0.021875 0.03125
0 0.27890625 0.421875 0.0296875 0.028125
0 0.3984375 0.42890625 0.028125 0.0296875
0 0.30859375 0.43125 0.0265625 0.034375
1 0.34921875 0.4359375 0.0359375 0.0625
0 0.5 0.440625 0.028125 0.040625
0 0.403125 0.45 0.03125 0.034375
0 0.2765625 0.4625 0.03125 0.0375
0 0.334375 0.46328125 0.0375 0.0515625
0 0.3921875 0.46875 0.034375 0.040625
0 0.378125 0.49453125 0.0375 0.0515625
1 0.20703125 0.5 0.0984375 0.128125
0 0.30625 0.509375 0.046875 0.05625
0 0.371875 0.521875 0.046875 0.0625
0 0.26875 0.57421875 0.059375 0.0640625
1 0.0828125 0.621875 0.165625 0.225
0 0.34765625 0.65 0.0703125 0.090625
0 0.19765625 0.69921875 0.0921875 0.1234375
0 0.2703125 0.82734375 0.109375 0.1296875