1 0.28046875 0.4375 0.0640625 0.096875
0 0.39140625 0.4421875 0.0265625 0.0375
0 0.246875 0.446875 0.0375 0.040625
0 0.50625 0.45546875 0.03125 0.0515625
0 0.34140625 0.46015625 0.0328125 0.0421875
0 0.228125 0.48125 0.0375 0.046875
0 0.64296875 0.490625 0.0453125 0.053125
1 0.30390625 0.49921875 0.0765625 0.1109375
0 0.390625 0.49921875 0.040625 0.0484375
0 0.15 0.53046875 0.0625 0.0515625
0 0.6125 0.540625 0.05625 0.06875
0 0.5359375 0.55625 0.05 0.08125
0 0.359375 0.5625 0.053125 0.078125
0 0.15234375 0.57734375 0.0671875 0.0828125
0 0.22265625 0.62109375 0.0765625 0.0953125
1 0.05625 0.703125 0.109375 0.190625
0 0.2328125 0.73046875 0.125 0.1234375
0 0.59375 0.74609375 0.1 0.1828125
1 0.8078125 0.79140625 0.178125 0.2796875