0 0.5078125 0.384375 0.021875 0.03125
0 0.5484375 0.38828125 0.025 0.0359375
0 0.4859375 0.40078125 0.01875 0.0265625
0 0.5734375 0.40703125 0.028125 0.0359375
0 0.5203125 0.4125 0.021875 0.028125
0 0.41640625 0.42578125 0.0171875 0.0359375
0 0.54375 0.4296875 0.025 0.0375
1 0.27578125 0.4375 0.0515625 0.09375
1 0.3453125 0.43671875 0.040625 0.0640625
0 0.48828125 0.43828125 0.0265625 0.0359375
1 0.6234375 0.45234375 0.0375 0.0546875
0 0.38984375 0.4625 0.0328125 0.0375
1 0.3234375 0.4640625 0.04375 0.08125
0 0.5171875 0.484375 0.03125 0.05
0 0.61796875 0.48984375 0.0453125 0.0546875
1 0.20625 0.496875 0.1125 0.140625
0 0.3828125 0.5125 0.034375 0.046875
0 0.60078125 0.52109375 0.0421875 0.0546875
0 0.346875 0.5875 0.05 0.084375
0 0.05234375 0.6328125 0.0859375 0.10625
1 0.2015625 0.63828125 0.15 0.1984375
0 0.71796875 0.65078125 0.0734375 0.1109375
0 0.6125 0.77890625 0.0875 0.1453125
0 0.04609375 0.81875 0.0890625 0.128125
0 0.29140625 0.84609375 0.0765625 0.1578125