0 0.31953125 0.428125 0.0296875 0.040625
0 0.353125 0.434375 0.03125 0.034375
0 0.490625 0.4359375 0.028125 0.0375
0 0.4 0.44296875 0.03125 0.0359375
1 0.290625 0.44921875 0.046875 0.0515625
0 0.58125 0.44921875 0.040625 0.0484375
0 0.334375 0.465625 0.0375 0.0375
0 0.5109375 0.47578125 0.0375 0.0515625
0 0.39921875 0.4796875 0.0390625 0.0375
0 0.31953125 0.496875 0.0421875 0.04375
1 0.59140625 0.496875 0.0546875 0.078125
0 0.2296875 0.50390625 0.046875 0.0453125
0 0.37890625 0.521875 0.0453125 0.05
0 0.3046875 0.53125 0.040625 0.065625
0 0.37265625 0.565625 0.0453125 0.05625
1 0.10625 0.56640625 0.153125 0.1703125
1 0.24453125 0.56875 0.0921875 0.125
0 0.38046875 0.61171875 0.0640625 0.0859375
1 0.19609375 0.640625 0.1171875 0.159375
1 0.03515625 0.684375 0.0703125 0.1875
0 0.3125 0.69140625 0.090625 0.1046875
0 0.29375 0.809375 0.1 0.125
0 0.64140625 0.81484375 0.1140625 0.1671875
1 0.09140625 0.82890625 0.1828125 0.3421875
0 0.228125 0.94140625 0.15 0.1171875