1 0.29296875 0.42265625 0.0546875 0.0828125
1 0.60390625 0.434375 0.0390625 0.04375
0 0.5484375 0.4421875 0.034375 0.05
0 0.50234375 0.44765625 0.0359375 0.0453125
1 0.33359375 0.45 0.0453125 0.071875
1 0.6375 0.46953125 0.05 0.0609375
0 0.3953125 0.47265625 0.034375 0.0453125
1 0.23203125 0.478125 0.0828125 0.128125
0 0.3 0.51640625 0.053125 0.0546875
0 0.5875 0.51875 0.046875 0.06875
0 0.1671875 0.521875 0.059375 0.065625
0 0.36875 0.525 0.046875 0.06875
1 0.2375 0.59296875 0.11875 0.1640625
0 0.65859375 0.6 0.0671875 0.096875
0 0.54609375 0.603125 0.0546875 0.08125
1 0.7984375 0.628125 0.090625 0.1375
0 0.11015625 0.659375 0.0765625 0.090625
0 0.33828125 0.6671875 0.0734375 0.0875