1 0.58046875 0.40625 0.0453125 0.08125
0 0.4890625 0.41171875 0.021875 0.0359375
1 0.3375 0.434375 0.059375 0.09375
0 0.39375 0.471875 0.0375 0.04375
0 0.53984375 0.47578125 0.0390625 0.0515625
0 0.52421875 0.521875 0.0484375 0.075
1 0.24765625 0.54453125 0.1421875 0.2015625
0 0.35625 0.575 0.065625 0.0875
1 0.09765625 0.61640625 0.1296875 0.1328125
0 0.32890625 0.653125 0.0765625 0.1
0 0.62421875 0.75390625 0.0984375 0.1546875
1 0.09453125 0.79921875 0.1890625 0.3109375
0 0.2671875 0.8953125 0.128125 0.16875