1 0.36953125 0.396875 0.0390625 0.05625
1 0.31640625 0.409375 0.0390625 0.065625
1 0.35546875 0.425 0.0453125 0.065625
1 0.26015625 0.4453125 0.0796875 0.11875
0 0.4015625 0.45078125 0.028125 0.0390625
0 0.39453125 0.49296875 0.0421875 0.0515625
1 0.5984375 0.49453125 0.078125 0.1109375
1 0.16328125 0.54375 0.1484375 0.203125
0 0.35859375 0.5625 0.0515625 0.053125
1 0.23359375 0.57734375 0.1234375 0.2171875
0 0.3421875 0.6140625 0.071875 0.08125
0 0.325 0.71640625 0.090625 0.1203125
0 0.29453125 0.83515625 0.1140625 0.1453125