0 0.31640625 0.43203125 0.0296875 0.0390625
0 0.56484375 0.434375 0.0359375 0.040625
0 0.35 0.43671875 0.03125 0.0359375
0 0.3984375 0.446875 0.034375 0.0375
1 0.28515625 0.4515625 0.0453125 0.05625
0 0.503125 0.45625 0.034375 0.046875
0 0.33203125 0.46796875 0.0390625 0.0390625
1 0.578125 0.47734375 0.046875 0.0703125
0 0.3984375 0.48203125 0.040625 0.0390625
0 0.31640625 0.5 0.0421875 0.04375
0 0.221875 0.50703125 0.040625 0.0390625
0 0.378125 0.5234375 0.04375 0.05
0 0.3046875 0.53125 0.040625 0.065625
1 0.24453125 0.56875 0.0921875 0.125
0 0.37265625 0.56875 0.0453125 0.053125
1 0.10625 0.56875 0.153125 0.171875
0 0.38203125 0.61328125 0.0671875 0.0859375
1 0.19609375 0.640625 0.1171875 0.159375
1 0.03515625 0.684375 0.0703125 0.1875
0 0.31015625 0.69140625 0.0953125 0.1046875
0 0.59921875 0.696875 0.0890625 0.11875
0 0.29140625 0.809375 0.1046875 0.125
1 0.09140625 0.82890625 0.1828125 0.3421875
0 0.228125 0.94140625 0.15 0.1171875
0 0.67578125 0.94453125 0.1390625 0.1109375