1 0.4859375 0.33984375 0.015625 0.0296875
0 0.46484375 0.35078125 0.0109375 0.0140625
1 0.3390625 0.3875 0.034375 0.05625
1 0.36328125 0.4078125 0.0296875 0.04375
0 0.4 0.4078125 0.025 0.01875
0 0.3984375 0.42890625 0.028125 0.0296875
1 0.29921875 0.43671875 0.0421875 0.0609375
1 0.34375 0.44375 0.04375 0.071875
0 0.4 0.45234375 0.03125 0.0328125
0 0.3921875 0.47109375 0.034375 0.0421875
0 0.22578125 0.471875 0.0359375 0.034375
0 0.2578125 0.4875 0.040625 0.046875
0 0.3171875 0.4875 0.040625 0.053125
0 0.37734375 0.503125 0.0421875 0.05625
0 0.28359375 0.53671875 0.0453125 0.0609375
0 0.2453125 0.60546875 0.071875 0.0859375
0 0.33125 0.65625 0.08125 0.115625
1 0.06875 0.659375 0.1375 0.253125
0 0.1390625 0.78984375 0.121875 0.1296875
1 0.91328125 0.85 0.1734375 0.3