1 0.32890625 0.409375 0.0296875 0.05
0 0.40625 0.421875 0.028125 0.028125
1 0.596875 0.42421875 0.05 0.0734375
1 0.2859375 0.44609375 0.040625 0.0578125
0 0.3390625 0.45625 0.03125 0.04375
0 0.39765625 0.465625 0.0296875 0.046875
0 0.30625 0.48671875 0.034375 0.0359375
0 0.3828125 0.51171875 0.0375 0.0484375
0 0.309375 0.51875 0.04375 0.05625
1 0.19296875 0.5234375 0.0828125 0.1125
0 0.36484375 0.59140625 0.0640625 0.0671875
1 0.23203125 0.603125 0.1015625 0.13125
1 0.10234375 0.60625 0.1046875 0.14375
0 0.828125 0.821875 0.1375 0.2