1 0.48125 0.3375 0.015625 0.025
1 0.5 0.3375 0.0125 0.025
0 0.4640625 0.33828125 0.0125 0.0140625
1 0.51640625 0.34921875 0.0203125 0.0359375
0 0.47109375 0.3515625 0.0140625 0.01875
0 0.475 0.375 0.015625 0.01875
1 0.51640625 0.39296875 0.0171875 0.0359375
1 0.334375 0.39609375 0.0375 0.0578125
1 0.54296875 0.41015625 0.0421875 0.0671875
0 0.4875 0.41328125 0.028125 0.0359375
1 0.303125 0.415625 0.04375 0.0625
1 0.3 0.475 0.084375 0.11875
0 0.3921875 0.49296875 0.0375 0.0515625
1 0.23046875 0.496875 0.0640625 0.09375
0 0.37734375 0.5265625 0.0453125 0.05625
1 0.15859375 0.65390625 0.2234375 0.3203125
0 0.32890625 0.6609375 0.0890625 0.125
0 0.29453125 0.753125 0.1078125 0.125
1 0.065625 0.86328125 0.13125 0.2734375
0 0.26171875 0.9140625 0.1390625 0.171875
0 0.8515625 0.91640625 0.18125 0.1671875