0 0.484375 0.390625 0.015625 0.025
1 0.34296875 0.39609375 0.0203125 0.0328125
0 0.3125 0.39921875 0.034375 0.0359375
0 0.41484375 0.409375 0.0171875 0.028125
0 0.36953125 0.41484375 0.0234375 0.0421875
0 0.4046875 0.43828125 0.01875 0.0359375
0 0.57265625 0.44609375 0.0359375 0.0453125
0 0.50625 0.44921875 0.0375 0.0515625
0 0.39765625 0.45625 0.0234375 0.04375
0 0.340625 0.4640625 0.025 0.05625
1 0.31484375 0.47265625 0.0578125 0.0953125
1 0.2359375 0.48203125 0.08125 0.1265625
0 0.4015625 0.49140625 0.03125 0.0578125
0 0.62890625 0.54609375 0.0609375 0.0921875
0 0.70390625 0.55 0.0703125 0.090625
1 0.26484375 0.55078125 0.0703125 0.1234375
0 0.34921875 0.571875 0.0640625 0.090625
1 0.1 0.60625 0.165625 0.234375
0 0.3359375 0.64296875 0.078125 0.1109375
0 0.76015625 0.771875 0.1078125 0.15
0 0.61328125 0.784375 0.1203125 0.175
1 0.09765625 0.79296875 0.1953125 0.3359375
0 0.2625 0.86953125 0.109375 0.2015625