1 0.62890625 0.4375 0.0546875 0.0875
0 0.4984375 0.44921875 0.0375 0.0484375
1 0.3328125 0.45 0.05625 0.0625
1 0.578125 0.45625 0.071875 0.103125
0 0.38828125 0.471875 0.0390625 0.04375
1 0.21640625 0.50234375 0.0640625 0.0953125
0 0.38359375 0.50234375 0.0421875 0.0421875
0 0.53203125 0.51875 0.0453125 0.065625
1 0.275 0.52890625 0.10625 0.1453125
0 0.3703125 0.55 0.05 0.065625
1 0.6484375 0.55625 0.09375 0.1375
1 0.13828125 0.5625 0.1015625 0.1
0 0.33828125 0.61953125 0.0703125 0.0765625
0 0.3125 0.70859375 0.0875 0.1078125
0 0.590625 0.74609375 0.096875 0.1546875
1 0.11796875 0.78515625 0.2359375 0.3796875