0 0.6203125 0.46796875 0.0375 0.0484375
0 0.33515625 0.46875 0.0390625 0.046875
0 0.509375 0.46875 0.0375 0.05
0 0.31484375 0.5 0.0390625 0.05
0 0.37578125 0.50625 0.0390625 0.05625
0 0.37109375 0.55234375 0.0484375 0.0578125
1 0.10859375 0.575 0.1390625 0.16875
1 0.21484375 0.58046875 0.1484375 0.2015625
0 0.34921875 0.60078125 0.0546875 0.0640625
0 0.3296875 0.659375 0.078125 0.1125
0 0.59921875 0.675 0.0765625 0.134375
0 0.29453125 0.75625 0.1078125 0.134375
0 0.24296875 0.946875 0.1515625 0.10625