1 0.3484375 0.3734375 0.034375 0.05
1 0.53125 0.38984375 0.03125 0.0546875
1 0.3203125 0.40390625 0.053125 0.0796875
0 0.4234375 0.40546875 0.021875 0.0265625
0 0.40546875 0.41015625 0.0234375 0.0296875
0 0.29453125 0.41328125 0.0265625 0.0359375
1 0.35703125 0.41875 0.0421875 0.059375
0 0.396875 0.428125 0.03125 0.034375
0 0.55234375 0.44140625 0.0390625 0.0546875
0 0.2578125 0.44296875 0.034375 0.0390625
0 0.40078125 0.44375 0.0328125 0.028125
1 0.33671875 0.45546875 0.0578125 0.0859375
0 0.27578125 0.459375 0.0390625 0.053125
0 0.39765625 0.459375 0.0390625 0.046875
0 0.5140625 0.4734375 0.046875 0.0625
0 0.20078125 0.47734375 0.0421875 0.0578125
0 0.3828125 0.49296875 0.05 0.0609375
1 0.24140625 0.49375 0.0796875 0.096875
0 0.3015625 0.51015625 0.053125 0.0703125
0 0.3515625 0.58125 0.071875 0.0875
0 0.25234375 0.6 0.0859375 0.1
0 0.15546875 0.60078125 0.0921875 0.1015625
0 0.0578125 0.934375 0.115625 0.13125