1 0.34921875 0.41953125 0.0546875 0.0859375
0 0.39609375 0.4390625 0.0296875 0.03125
1 0.2765625 0.45703125 0.046875 0.0609375
0 0.5078125 0.459375 0.0375 0.059375
0 0.3921875 0.46953125 0.034375 0.0484375
1 0.31171875 0.47265625 0.0640625 0.0828125
1 0.2375 0.48515625 0.046875 0.0578125
1 0.675 0.509375 0.0625 0.08125
0 0.38046875 0.51796875 0.0359375 0.0484375
1 0.1734375 0.54609375 0.08125 0.1078125
0 0.36328125 0.58125 0.0609375 0.075
1 0.22890625 0.58515625 0.1390625 0.1921875
1 0.06015625 0.65234375 0.1203125 0.1546875
0 0.32421875 0.68359375 0.0796875 0.0953125
0 0.5953125 0.68984375 0.090625 0.1453125
0 0.2734375 0.84453125 0.125 0.1640625