1 0.36953125 0.396875 0.0390625 0.05625
1 0.31015625 0.41328125 0.0390625 0.0640625
1 0.34921875 0.43359375 0.0453125 0.0671875
1 0.25078125 0.446875 0.0734375 0.1125
0 0.3984375 0.46171875 0.028125 0.0390625
1 0.58828125 0.478125 0.0640625 0.10625
0 0.39453125 0.49296875 0.0421875 0.0515625
1 0.16875 0.553125 0.171875 0.215625
0 0.35859375 0.5625 0.0515625 0.053125
1 0.22421875 0.58984375 0.1234375 0.2171875
0 0.3421875 0.6140625 0.071875 0.08125
1 0.325 0.71640625 0.090625 0.1203125
0 0.29296875 0.83515625 0.1140625 0.1453125