0 0.5015625 0.371875 0.015625 0.021875
0 0.475 0.37265625 0.015625 0.0203125
1 0.3375 0.38125 0.040625 0.053125
0 0.4234375 0.40546875 0.025 0.0265625
1 0.36875 0.40625 0.03125 0.05
0 0.4078125 0.41015625 0.028125 0.0328125
1 0.30390625 0.41484375 0.0578125 0.0796875
1 0.35234375 0.41875 0.0359375 0.05
0 0.278125 0.43203125 0.028125 0.0359375
0 0.3953125 0.43359375 0.028125 0.0421875
0 0.3484375 0.4484375 0.03125 0.0375
0 0.50703125 0.4484375 0.0265625 0.0375
0 0.24296875 0.45625 0.0453125 0.04375
0 0.39921875 0.45625 0.0359375 0.040625
1 0.32578125 0.47421875 0.0578125 0.0984375
0 0.38671875 0.49765625 0.0453125 0.0578125
0 0.221875 0.509375 0.053125 0.071875
0 0.26796875 0.55546875 0.0671875 0.0859375
0 0.35390625 0.559375 0.0671875 0.08125
1 0.16171875 0.56796875 0.1015625 0.1359375
0 0.57578125 0.62265625 0.0734375 0.0953125
0 0.03671875 0.6265625 0.0734375 0.09375
0 0.171875 0.734375 0.115625 0.134375
0 0.29375 0.8125 0.128125 0.1625