1 0.3546875 0.371875 0.03125 0.046875
1 0.521875 0.38671875 0.0375 0.0640625
0 0.47734375 0.3921875 0.0140625 0.025
1 0.33359375 0.4 0.0328125 0.04375
1 0.36484375 0.4015625 0.0296875 0.04375
0 0.4 0.4078125 0.025 0.01875
0 0.2890625 0.41953125 0.025 0.0265625
0 0.3984375 0.42890625 0.028125 0.0296875
0 0.31015625 0.43125 0.0265625 0.034375
1 0.34921875 0.4359375 0.0359375 0.0625
0 0.4953125 0.43984375 0.028125 0.0453125
0 0.403125 0.45 0.03125 0.034375
0 0.2765625 0.459375 0.03125 0.0375
0 0.334375 0.46328125 0.0375 0.0515625
0 0.3921875 0.46875 0.034375 0.040625
0 0.51640625 0.48125 0.0390625 0.05625
0 0.378125 0.49453125 0.0375 0.0515625
1 0.21328125 0.49609375 0.0984375 0.1296875
0 0.309375 0.50625 0.046875 0.05625
0 0.371875 0.521875 0.046875 0.0625
0 0.2765625 0.565625 0.059375 0.065625
1 0.0953125 0.59609375 0.178125 0.2046875
0 0.35703125 0.625 0.0671875 0.090625
0 0.21953125 0.65703125 0.0828125 0.1234375
0 0.2890625 0.7578125 0.115625 0.13125