1 0.3453125 0.421875 0.0625 0.0875
0 0.40078125 0.4390625 0.0296875 0.03125
0 0.503125 0.44375 0.03125 0.040625
1 0.275 0.45703125 0.046875 0.0609375
0 0.39609375 0.46171875 0.0359375 0.0359375
1 0.31171875 0.47265625 0.0640625 0.0828125
0 0.3875 0.478125 0.034375 0.046875
1 0.64765625 0.48125 0.0546875 0.084375
1 0.225 0.48984375 0.046875 0.0578125
0 0.38046875 0.51796875 0.0359375 0.0484375
1 0.1671875 0.54765625 0.08125 0.1078125
0 0.36328125 0.58125 0.0609375 0.075
1 0.2265625 0.596875 0.153125 0.20625
0 0.56015625 0.596875 0.0703125 0.096875
1 0.05625 0.66796875 0.1125 0.1765625
0 0.31796875 0.69140625 0.0796875 0.0953125
0 0.26484375 0.86171875 0.1296875 0.1640625