1 0.328125 0.4484375 0.071875 0.125
0 0.37734375 0.48984375 0.0421875 0.0578125
1 0.21953125 0.490625 0.0578125 0.071875
0 0.51640625 0.49375 0.0546875 0.078125
1 0.27734375 0.51796875 0.0984375 0.1390625
1 0.16796875 0.55625 0.1015625 0.109375
1 0.790625 0.578125 0.165625 0.209375
0 0.35390625 0.58984375 0.0671875 0.0921875
1 0.065625 0.634375 0.121875 0.109375
0 0.571875 0.653125 0.084375 0.140625
0 0.3265625 0.70703125 0.096875 0.1234375
1 0.10859375 0.80390625 0.2171875 0.3703125
0 0.24140625 0.93125 0.1671875 0.13125