1 0.52109375 0.38828125 0.0296875 0.0390625
0 0.55859375 0.403125 0.0171875 0.025
1 0.35546875 0.421875 0.0328125 0.053125
0 0.590625 0.425 0.028125 0.034375
0 0.5375 0.428125 0.025 0.03125
1 0.28984375 0.43125 0.0484375 0.08125
0 0.496875 0.43203125 0.028125 0.0390625
0 0.39765625 0.4390625 0.0265625 0.03125
0 0.621875 0.45078125 0.0375 0.0484375
1 0.33515625 0.45390625 0.0421875 0.0703125
0 0.559375 0.47109375 0.034375 0.0546875
0 0.39140625 0.47578125 0.0328125 0.0359375
1 0.23046875 0.4828125 0.0921875 0.13125
0 0.61171875 0.52109375 0.0515625 0.0546875
0 0.28515625 0.525 0.0453125 0.0625
0 0.36796875 0.5375 0.0453125 0.08125
0 0.52890625 0.5375 0.0328125 0.071875
0 0.13984375 0.54375 0.0515625 0.06875
1 0.72890625 0.55625 0.0765625 0.09375
1 0.23125 0.61015625 0.134375 0.1796875
0 0.084375 0.684375 0.071875 0.103125
0 0.33046875 0.69921875 0.0578125 0.0890625
0 0.59765625 0.71015625 0.0828125 0.1203125
0 0.9296875 0.78125 0.10625 0.171875
0 0.81171875 0.8375 0.1203125 0.19375