1 0.334375 0.44453125 0.0625 0.0984375
0 0.55859375 0.44453125 0.0328125 0.0515625
1 0.28046875 0.446875 0.0515625 0.071875
0 0.503125 0.45078125 0.034375 0.0484375
1 0.24375 0.4671875 0.059375 0.0625
0 0.38828125 0.471875 0.0390625 0.04375
0 0.38359375 0.50234375 0.0421875 0.0421875
1 0.17734375 0.528125 0.0828125 0.13125
1 0.26796875 0.528125 0.1078125 0.134375
1 0.72578125 0.53984375 0.0921875 0.1171875
0 0.3734375 0.540625 0.05 0.059375
0 0.35234375 0.58671875 0.0640625 0.0640625
0 0.5671875 0.63125 0.078125 0.115625
1 0.71796875 0.64375 0.1984375 0.2875
0 0.33125 0.6484375 0.075 0.1
1 0.15390625 0.709375 0.1578125 0.21875
1 0.3234375 0.7265625 0.09375 0.13125
0 0.621875 0.86015625 0.134375 0.2171875
0 0.27890625 0.88984375 0.1328125 0.1703125