0 0.475 0.371875 0.025 0.025
0 0.48828125 0.4 0.0328125 0.0375
0 0.35 0.45 0.034375 0.0625
1 0.63515625 0.478125 0.0453125 0.08125
1 0.5921875 0.4828125 0.0625 0.10625
0 0.321875 0.48359375 0.040625 0.0578125
0 0.38046875 0.5 0.0484375 0.053125
1 0.2375 0.54609375 0.140625 0.1703125
0 0.3734375 0.55390625 0.0625 0.0921875
1 0.075 0.58046875 0.15 0.1390625
0 0.353125 0.6 0.065625 0.075
0 0.33046875 0.6671875 0.0953125 0.1375
1 0.11640625 0.74609375 0.2328125 0.4171875
0 0.275 0.7625 0.121875 0.15625
0 0.24921875 0.90703125 0.1453125 0.1734375