1 0.29609375 0.42734375 0.0359375 0.0546875
1 0.340625 0.43984375 0.046875 0.0578125
1 0.25703125 0.46796875 0.0515625 0.0859375
1 0.6578125 0.475 0.05625 0.096875
1 0.5828125 0.47890625 0.08125 0.1046875
1 0.30859375 0.49609375 0.0546875 0.0828125
0 0.38828125 0.5046875 0.0390625 0.05
0 0.5140625 0.50390625 0.046875 0.0703125
0 0.72421875 0.57265625 0.0671875 0.0796875
0 0.36640625 0.57421875 0.0609375 0.0765625
1 0.1171875 0.57421875 0.153125 0.1859375
0 0.2640625 0.61484375 0.065625 0.0671875
0 0.61328125 0.72578125 0.1140625 0.1484375
0 0.3125 0.7734375 0.1125 0.1375
1 0.065625 0.875 0.128125 0.25