1 0.3375 0.4359375 0.05625 0.0625
1 0.509375 0.43515625 0.059375 0.0921875
0 0.38828125 0.471875 0.0390625 0.04375
1 0.2484375 0.484375 0.053125 0.0875
0 0.51640625 0.48828125 0.0421875 0.0609375
1 0.29609375 0.4921875 0.0859375 0.125
0 0.38359375 0.50234375 0.0421875 0.0421875
1 0.17578125 0.52109375 0.0859375 0.0796875
1 0.7296875 0.53203125 0.13125 0.1515625
0 0.3703125 0.54453125 0.05 0.0609375
0 0.34921875 0.60078125 0.0640625 0.0640625
1 0.05703125 0.65078125 0.1140625 0.1984375
0 0.32421875 0.671875 0.0859375 0.10625
1 0.16328125 0.68046875 0.1984375 0.2765625
0 0.578125 0.69375 0.0875 0.140625
1 0.86171875 0.784375 0.2765625 0.43125
0 0.28671875 0.8453125 0.1171875 0.18125