0 0.4890625 0.4125 0.025 0.03125
1 0.31015625 0.4125 0.0578125 0.0875
0 0.41328125 0.415625 0.0265625 0.0375
0 0.5046875 0.4328125 0.025 0.03125
1 0.33125 0.44140625 0.06875 0.0953125
0 0.40859375 0.44375 0.0296875 0.034375
1 0.26640625 0.4515625 0.0796875 0.11875
1 0.58203125 0.46015625 0.0609375 0.1171875
0 0.51015625 0.47421875 0.0359375 0.0515625
0 0.3875 0.4875 0.034375 0.046875
0 0.29453125 0.52890625 0.0546875 0.0578125
0 0.3671875 0.54140625 0.05 0.0578125
1 0.196875 0.54765625 0.078125 0.1046875
0 0.5453125 0.584375 0.053125 0.075
0 0.09375 0.5875 0.071875 0.071875
1 0.35390625 0.621875 0.0671875 0.090625
1 0.06171875 0.67578125 0.1234375 0.1484375
1 0.8125 0.6828125 0.134375 0.14375
0 0.3171875 0.75390625 0.096875 0.1296875
0 0.12578125 0.80859375 0.1265625 0.1296875