1 0.32265625 0.409375 0.0328125 0.059375
1 0.284375 0.4375 0.05625 0.075
1 0.60234375 0.4375 0.0421875 0.0625
0 0.40234375 0.45625 0.0390625 0.05625
1 0.5671875 0.45859375 0.04375 0.0796875
0 0.37734375 0.503125 0.0578125 0.05625
1 0.18671875 0.51015625 0.0765625 0.1171875
0 0.36875 0.55078125 0.053125 0.0609375
1 0.23515625 0.553125 0.1328125 0.184375
0 0.34921875 0.60078125 0.0578125 0.0765625
0 0.33671875 0.65625 0.0859375 0.096875
0 0.28984375 0.75625 0.1078125 0.1375
1 0.11328125 0.77578125 0.2265625 0.4484375
0 0.66640625 0.896875 0.1421875 0.20625
0 0.26875 0.915625 0.1375 0.1625