1 0.28046875 0.446875 0.0515625 0.071875
1 0.3296875 0.45546875 0.06875 0.0984375
1 0.2390625 0.471875 0.059375 0.0625
0 0.38828125 0.471875 0.0390625 0.04375
0 0.38359375 0.50234375 0.0421875 0.0421875
1 0.68984375 0.51796875 0.0796875 0.1015625
1 0.259375 0.540625 0.115625 0.15625
0 0.3734375 0.540625 0.05 0.059375
1 0.16640625 0.5453125 0.0828125 0.13125
0 0.1125 0.55703125 0.05 0.0734375
0 0.54921875 0.565625 0.0640625 0.08125
0 0.35234375 0.58671875 0.0640625 0.0640625
1 0.67578125 0.590625 0.1515625 0.23125
0 0.33125 0.6484375 0.075 0.1
0 0.56953125 0.69375 0.0890625 0.128125
1 0.31875 0.73125 0.09375 0.13125
1 0.13515625 0.734375 0.1765625 0.246875
0 0.26875 0.9125 0.1375 0.175