1 0.490625 0.346875 0.01875 0.0375
0 0.46953125 0.36171875 0.0109375 0.0140625
1 0.3453125 0.38125 0.034375 0.05625
1 0.36640625 0.40625 0.0296875 0.04375
0 0.4 0.4078125 0.025 0.01875
1 0.31328125 0.41796875 0.0421875 0.0609375
0 0.2890625 0.41875 0.025 0.025
0 0.3984375 0.42890625 0.028125 0.0296875
1 0.34765625 0.4375 0.0359375 0.0625
0 0.403125 0.45 0.03125 0.034375
0 0.28125 0.45703125 0.034375 0.0390625
0 0.3921875 0.46875 0.034375 0.040625
0 0.575 0.471875 0.040625 0.053125
0 0.3234375 0.47578125 0.0375 0.0515625
0 0.378125 0.49453125 0.0375 0.0515625
0 0.2796875 0.5140625 0.04375 0.05625
0 0.10390625 0.55078125 0.0421875 0.0359375
0 0.36015625 0.55625 0.0546875 0.078125
0 0.2734375 0.56171875 0.059375 0.0734375
1 0.12734375 0.56484375 0.1578125 0.1828125
0 0.22578125 0.65 0.0796875 0.090625
0 0.2703125 0.9125 0.13125 0.175
0 0.03125 0.975 0.0625 0.05