1 0.35078125 0.41640625 0.0453125 0.0703125
0 0.50234375 0.43203125 0.0265625 0.0359375
0 0.39765625 0.446875 0.0296875 0.03125
1 0.30078125 0.4765625 0.0796875 0.13125
0 0.38046875 0.509375 0.0484375 0.065625
1 0.60625 0.51875 0.05 0.0875
1 0.17890625 0.53828125 0.0953125 0.0984375
0 0.35859375 0.55625 0.0546875 0.071875
1 0.20546875 0.60390625 0.1296875 0.1703125
0 0.56640625 0.621875 0.0703125 0.109375
1 0.85703125 0.6421875 0.1953125 0.25
1 0.065625 0.6484375 0.128125 0.1375
0 0.32421875 0.70703125 0.0859375 0.1140625
1 0.75390625 0.71953125 0.1515625 0.2515625