0 0.484375 0.390625 0.015625 0.025
0 0.321875 0.39296875 0.034375 0.0359375
0 0.41484375 0.409375 0.0171875 0.028125
0 0.36953125 0.41484375 0.0234375 0.0421875
0 0.4046875 0.43828125 0.01875 0.0359375
0 0.39765625 0.45625 0.0234375 0.04375
0 0.58203125 0.45625 0.0359375 0.046875
0 0.5078125 0.459375 0.0375 0.053125
0 0.340625 0.4640625 0.025 0.05625
1 0.31484375 0.47265625 0.0578125 0.0953125
0 0.4015625 0.48125 0.03125 0.059375
1 0.23046875 0.48203125 0.0703125 0.1234375
1 0.26484375 0.55078125 0.0703125 0.1234375
0 0.64140625 0.565625 0.0640625 0.10625
0 0.34921875 0.571875 0.0640625 0.090625
0 0.7234375 0.5734375 0.075 0.0875
1 0.10625 0.584375 0.159375 0.196875
0 0.3359375 0.64296875 0.078125 0.1109375
1 0.09765625 0.79921875 0.1953125 0.3484375
0 0.80703125 0.84453125 0.1265625 0.1640625
0 0.26484375 0.85703125 0.1046875 0.1765625
0 0.6515625 0.8796875 0.14375 0.240625