1 0.35234375 0.3875 0.0265625 0.0375
0 0.37578125 0.40625 0.0265625 0.034375
1 0.53828125 0.40625 0.0453125 0.075
0 0.41484375 0.41640625 0.0234375 0.0296875
1 0.3015625 0.41953125 0.04375 0.0515625
1 0.35390625 0.43125 0.0390625 0.05625
0 0.50078125 0.44140625 0.0328125 0.0421875
0 0.60625 0.4453125 0.0375 0.04375
0 0.40546875 0.44921875 0.0328125 0.0359375
1 0.25703125 0.45390625 0.0515625 0.0703125
1 0.3125 0.48046875 0.053125 0.0890625
1 0.2203125 0.490625 0.065625 0.1
0 0.53359375 0.546875 0.0546875 0.08125
0 0.3734375 0.54921875 0.053125 0.0640625
1 0.26171875 0.56484375 0.0796875 0.1203125
0 0.34609375 0.66484375 0.0828125 0.1078125
1 0.05625 0.6875 0.1125 0.29375
0 0.18125 0.76640625 0.10625 0.1171875