0 0.50546875 0.38359375 0.0328125 0.0328125
1 0.32109375 0.40625 0.0484375 0.071875
0 0.49453125 0.41328125 0.0328125 0.0515625
1 0.2828125 0.42578125 0.05625 0.0640625
0 0.35390625 0.44375 0.0390625 0.05
1 0.2234375 0.45 0.096875 0.071875
0 0.396875 0.45703125 0.040625 0.0515625
0 0.3171875 0.503125 0.03125 0.078125
0 0.38046875 0.528125 0.0640625 0.071875
1 0.25234375 0.53046875 0.1234375 0.1734375
0 0.3578125 0.58125 0.065625 0.08125
1 0.15703125 0.63984375 0.2328125 0.3578125
0 0.3328125 0.66171875 0.096875 0.1390625
0 0.03671875 0.67890625 0.0734375 0.1296875
0 0.29609375 0.75546875 0.1171875 0.1484375
1 0.07109375 0.8640625 0.1421875 0.271875
0 0.26171875 0.9078125 0.1453125 0.184375