0 0.38046875 0.40078125 0.0296875 0.0359375
1 0.340625 0.403125 0.03125 0.0375
1 0.41640625 0.4125 0.0296875 0.034375
0 0.36484375 0.42109375 0.0265625 0.0328125
0 0.49140625 0.43125 0.0265625 0.040625
0 0.40703125 0.43515625 0.0234375 0.0296875
1 0.27578125 0.446875 0.0484375 0.071875
1 0.33828125 0.4625 0.0453125 0.075
0 0.3984375 0.475 0.034375 0.040625
1 0.2296875 0.4859375 0.05625 0.075
1 0.278125 0.51875 0.065625 0.103125
1 0.18671875 0.525 0.0796875 0.115625
0 0.35859375 0.5984375 0.0609375 0.075
1 0.203125 0.64765625 0.109375 0.1671875
0 0.6015625 0.7171875 0.090625 0.15
1 0.915625 0.75625 0.16875 0.153125
0 0.321875 0.75859375 0.103125 0.1296875
1 0.86796875 0.86015625 0.2046875 0.2796875