1 0.3609375 0.40390625 0.046875 0.0671875
1 0.540625 0.41484375 0.04375 0.0671875
1 0.30078125 0.41796875 0.0390625 0.0640625
1 0.33828125 0.45078125 0.0453125 0.0734375
1 0.23828125 0.45546875 0.0921875 0.1265625
0 0.3984375 0.46171875 0.028125 0.0390625
0 0.38515625 0.50703125 0.0421875 0.0515625
0 0.35703125 0.56875 0.0578125 0.059375
1 0.13203125 0.58671875 0.2109375 0.2390625
0 0.3390625 0.63125 0.071875 0.090625
1 0.17109375 0.66171875 0.1796875 0.2890625
0 0.325 0.71640625 0.090625 0.1203125
0 0.29296875 0.83515625 0.1140625 0.1453125