1 0.33125 0.409375 0.03125 0.0375
0 0.36796875 0.41328125 0.0296875 0.0359375
1 0.41171875 0.42265625 0.0296875 0.0328125
0 0.35390625 0.44375 0.0265625 0.034375
0 0.50078125 0.446875 0.0328125 0.04375
0 0.403125 0.453125 0.03125 0.040625
1 0.24921875 0.4703125 0.0609375 0.08125
1 0.63671875 0.471875 0.0453125 0.065625
1 0.315625 0.48671875 0.059375 0.0765625
0 0.38828125 0.49609375 0.0390625 0.0421875
1 0.1984375 0.50703125 0.065625 0.0859375
1 0.609375 0.5125 0.059375 0.0875
1 0.1375 0.56953125 0.096875 0.1515625
1 0.2359375 0.575 0.084375 0.121875
0 0.57421875 0.65 0.0734375 0.115625
0 0.33984375 0.68125 0.0796875 0.1