1 0.29609375 0.43203125 0.0515625 0.0734375
1 0.3421875 0.43359375 0.0625 0.0921875
1 0.25859375 0.4515625 0.0484375 0.04375
0 0.50390625 0.4609375 0.0421875 0.05
0 0.38828125 0.471875 0.0390625 0.04375
1 0.29140625 0.5 0.0921875 0.134375
1 0.209375 0.50234375 0.071875 0.1078125
0 0.38359375 0.50234375 0.0421875 0.0421875
0 0.60546875 0.509375 0.0515625 0.078125
0 0.3734375 0.540625 0.05 0.059375
0 0.53515625 0.55859375 0.0578125 0.0796875
0 0.35234375 0.58671875 0.0640625 0.0640625
1 0.21171875 0.628125 0.1171875 0.159375
0 0.33125 0.6484375 0.075 0.1
1 0.06953125 0.6625 0.1390625 0.325
1 0.3296875 0.7265625 0.09375 0.13125
0 0.29375 0.84765625 0.115625 0.1671875