0 0.47578125 0.375 0.0046875 0.021875
1 0.34296875 0.39609375 0.0203125 0.0328125
0 0.53046875 0.39765625 0.0265625 0.0296875
0 0.49296875 0.40546875 0.0234375 0.0359375
0 0.3046875 0.409375 0.034375 0.034375
0 0.41484375 0.409375 0.0171875 0.028125
0 0.36171875 0.43125 0.0234375 0.040625
0 0.4046875 0.43828125 0.01875 0.0359375
0 0.6203125 0.45 0.040625 0.053125
1 0.56171875 0.459375 0.0359375 0.05
0 0.340625 0.4640625 0.025 0.05625
0 0.39609375 0.46875 0.0234375 0.04375
1 0.31015625 0.48359375 0.0578125 0.0953125
1 0.21875 0.49453125 0.090625 0.1390625
0 0.4 0.50859375 0.03125 0.0578125
0 0.5203125 0.51796875 0.05 0.0734375
0 0.60546875 0.52890625 0.0484375 0.0671875
1 0.240625 0.58046875 0.096875 0.1390625
0 0.34140625 0.59453125 0.0640625 0.0890625
1 0.0859375 0.62578125 0.171875 0.2359375
0 0.3234375 0.703125 0.078125 0.109375
0 0.92890625 0.79375 0.1359375 0.16875
1 0.0953125 0.82265625 0.190625 0.3546875
0 0.25 0.91328125 0.134375 0.1734375
0 0.7046875 0.915625 0.159375 0.16875