0 0.33125 0.38515625 0.03125 0.0328125
0 0.56015625 0.403125 0.0296875 0.040625
0 0.37265625 0.41171875 0.0296875 0.0390625
0 0.53359375 0.42265625 0.0296875 0.0453125
0 0.4109375 0.425 0.028125 0.034375
0 0.40078125 0.4375 0.0328125 0.040625
0 0.496875 0.43828125 0.0375 0.0484375
0 0.353125 0.446875 0.025 0.05
1 0.33125 0.4625 0.059375 0.0875
1 0.2328125 0.4703125 0.10625 0.11875
0 0.40625 0.471875 0.046875 0.0625
0 0.628125 0.509375 0.059375 0.078125
0 0.53203125 0.521875 0.0609375 0.078125
1 0.2859375 0.52265625 0.08125 0.1203125
0 0.359375 0.54375 0.071875 0.0875
1 0.12890625 0.57265625 0.1703125 0.2046875
0 0.34921875 0.615625 0.0765625 0.09375
0 0.03515625 0.6421875 0.0703125 0.0875
0 0.0328125 0.74296875 0.065625 0.1234375
0 0.7703125 0.75078125 0.140625 0.2109375
1 0.1125 0.775 0.225 0.30625
0 0.9234375 0.784375 0.153125 0.184375
0 0.28359375 0.78984375 0.1203125 0.1828125