1 0.4984375 0.36015625 0.015625 0.0328125
1 0.3578125 0.365625 0.028125 0.040625
0 0.47421875 0.37734375 0.0171875 0.0203125
0 0.47890625 0.396875 0.0171875 0.01875
0 0.41640625 0.39921875 0.0203125 0.0234375
1 0.3765625 0.4 0.025 0.0375
0 0.52421875 0.4015625 0.0203125 0.03125
1 0.3171875 0.40859375 0.034375 0.0578125
0 0.4078125 0.41328125 0.021875 0.0234375
0 0.4859375 0.41484375 0.021875 0.0328125
1 0.35625 0.415625 0.034375 0.053125
0 0.40390625 0.43359375 0.0265625 0.0328125
1 0.546875 0.43359375 0.034375 0.0453125
0 0.30859375 0.440625 0.0296875 0.040625
0 0.3421875 0.453125 0.03125 0.04375
0 0.3921875 0.46328125 0.0375 0.0390625
1 0.2703125 0.465625 0.046875 0.053125
0 0.3265625 0.47578125 0.040625 0.0390625
0 0.39609375 0.496875 0.0421875 0.040625
0 0.31484375 0.50625 0.0359375 0.0375
0 0.53046875 0.51171875 0.0453125 0.0515625
1 0.3046875 0.53125 0.040625 0.065625
0 0.2 0.53359375 0.040625 0.0453125
0 0.37734375 0.5390625 0.0484375 0.05625
1 0.24609375 0.5625 0.0921875 0.125
1 0.0953125 0.57734375 0.153125 0.1703125
1 0.665625 0.578125 0.084375 0.153125
0 0.553125 0.58671875 0.0625 0.0984375
0 0.38359375 0.61328125 0.0640625 0.0859375
1 0.19609375 0.640625 0.1171875 0.159375
1 0.03515625 0.684375 0.0703125 0.1875
0 0.3125 0.69140625 0.090625 0.1046875
0 0.29375 0.809375 0.1 0.125
1 0.09140625 0.82890625 0.1828125 0.3421875
0 0.228125 0.94140625 0.15 0.1171875
0 0.67890625 0.953125 0.1484375 0.09375