1 0.31640625 0.40625 0.0453125 0.078125
0 0.2828125 0.41484375 0.034375 0.0546875
1 0.35390625 0.421875 0.0390625 0.053125
0 0.3953125 0.43359375 0.046875 0.0578125
0 0.26171875 0.4421875 0.0515625 0.075
0 0.4015625 0.45546875 0.040625 0.0484375
1 0.3265625 0.46484375 0.059375 0.0828125
0 0.21328125 0.475 0.0515625 0.059375
0 0.3921875 0.4796875 0.05625 0.075
0 0.5234375 0.49140625 0.040625 0.0578125
0 0.23828125 0.49296875 0.0671875 0.0765625
0 0.365625 0.51953125 0.071875 0.0890625
0 0.28046875 0.53515625 0.0578125 0.0828125
1 0.18515625 0.53828125 0.1078125 0.1390625
0 0.1015625 0.575 0.075 0.084375
0 0.203125 0.68515625 0.090625 0.1078125
0 0.31640625 0.72109375 0.0953125 0.1078125
0 0.0375 0.80234375 0.075 0.1328125
0 0.67734375 0.88359375 0.1421875 0.2296875