1 0.37265625 0.39375 0.0421875 0.065625
1 0.32734375 0.4 0.0453125 0.06875
0 0.51484375 0.4 0.0265625 0.028125
0 0.40625 0.4296875 0.034375 0.0375
0 0.36171875 0.43203125 0.0328125 0.0390625
1 0.290625 0.446875 0.04375 0.059375
0 0.5 0.4484375 0.034375 0.05
0 0.39453125 0.459375 0.0328125 0.040625
1 0.2359375 0.5 0.059375 0.078125
1 0.38203125 0.51796875 0.0453125 0.0640625
0 0.29609375 0.51875 0.0484375 0.053125
1 0.64296875 0.5390625 0.0796875 0.13125
0 0.3640625 0.58515625 0.059375 0.0703125
0 0.24609375 0.58984375 0.0609375 0.0578125
1 0.08984375 0.625 0.1265625 0.15625
0 0.2265625 0.66875 0.084375 0.090625
0 0.31484375 0.7359375 0.0953125 0.1125