1 0.34921875 0.41875 0.0578125 0.084375
0 0.39609375 0.45 0.0296875 0.03125
1 0.56953125 0.46796875 0.0421875 0.0640625
1 0.29375 0.490625 0.09375 0.15625
0 0.528125 0.5125 0.046875 0.06875
0 0.378125 0.521875 0.053125 0.078125
1 0.74375 0.54375 0.128125 0.184375
1 0.16640625 0.54453125 0.0953125 0.0984375
1 0.63828125 0.559375 0.0828125 0.146875
0 0.35703125 0.56875 0.0546875 0.071875
1 0.1875 0.62578125 0.146875 0.1859375
1 0.05546875 0.678125 0.1109375 0.153125
0 0.31484375 0.746875 0.0921875 0.125
0 0.64375 0.79140625 0.1125 0.1953125