0 0.3546875 0.384375 0.03125 0.028125
0 0.55546875 0.39375 0.0328125 0.028125
0 0.48203125 0.396875 0.0296875 0.0375
0 0.5234375 0.40703125 0.034375 0.0390625
0 0.375 0.4125 0.01875 0.025
0 0.40625 0.425 0.025 0.028125
0 0.496875 0.428125 0.025 0.040625
0 0.54375 0.42890625 0.021875 0.0328125
0 0.3625 0.43984375 0.03125 0.0578125
0 0.60625 0.4484375 0.04375 0.05
1 0.3328125 0.44921875 0.05 0.0734375
0 0.41015625 0.45 0.0296875 0.0375
1 0.2546875 0.459375 0.084375 0.115625
0 0.57421875 0.478125 0.0453125 0.065625
1 0.309375 0.496875 0.065625 0.115625
0 0.375 0.50390625 0.0625 0.0578125
0 0.52578125 0.53125 0.0609375 0.090625
1 0.15859375 0.5375 0.1421875 0.165625
0 0.36796875 0.56875 0.0671875 0.071875
0 0.02578125 0.65 0.0515625 0.1
0 0.06484375 0.6828125 0.0859375 0.11875
0 0.80078125 0.703125 0.1296875 0.1375
0 0.30859375 0.72109375 0.0828125 0.1296875
1 0.14375 0.72578125 0.196875 0.2890625
0 0.63046875 0.7875 0.1359375 0.2
0 0.05234375 0.95 0.1046875 0.1