1 0.29296875 0.43203125 0.0515625 0.0734375
1 0.334375 0.44453125 0.0625 0.0984375
1 0.2546875 0.465625 0.059375 0.0625
0 0.38828125 0.471875 0.0390625 0.04375
1 0.58046875 0.475 0.0421875 0.065625
0 0.515625 0.49140625 0.03125 0.0546875
0 0.38359375 0.50234375 0.0421875 0.0421875
1 0.27578125 0.51640625 0.0921875 0.1328125
1 0.19609375 0.51875 0.0828125 0.10625
0 0.3734375 0.540625 0.05 0.059375
0 0.35234375 0.58671875 0.0640625 0.0640625
0 0.33125 0.6484375 0.075 0.1
1 0.1828125 0.65546875 0.140625 0.1984375
1 0.85546875 0.65703125 0.1484375 0.1734375
1 0.0515625 0.690625 0.103125 0.328125
0 0.3234375 0.7265625 0.09375 0.13125
1 0.8546875 0.79453125 0.290625 0.4109375
0 0.2890625 0.86484375 0.121875 0.1671875
0 0.66328125 0.89453125 0.1546875 0.2109375