1 0.3046875 0.40859375 0.0625 0.0828125
0 0.4109375 0.41953125 0.028125 0.0390625
1 0.55546875 0.425 0.0515625 0.090625
0 0.40390625 0.45234375 0.0328125 0.0328125
1 0.25390625 0.45546875 0.0765625 0.1140625
1 0.31875 0.46015625 0.0625 0.1078125
0 0.5140625 0.49140625 0.040625 0.0546875
0 0.38515625 0.49375 0.0390625 0.046875
0 0.2796875 0.55078125 0.0625 0.0640625
0 0.36328125 0.55859375 0.0546875 0.0703125
1 0.70703125 0.5625 0.0859375 0.09375
1 0.17265625 0.56953125 0.0859375 0.1140625
1 0.34609375 0.6453125 0.0765625 0.10625
1 0.05 0.725 0.1 0.18125
0 0.309375 0.78515625 0.103125 0.1328125
0 0.071875 0.90234375 0.14375 0.1703125