1 0.346875 0.37109375 0.03125 0.0453125
1 0.3265625 0.4 0.04375 0.06875
0 0.30234375 0.40390625 0.0203125 0.0328125
1 0.5390625 0.40390625 0.0375 0.0578125
0 0.4234375 0.40546875 0.021875 0.0265625
0 0.40390625 0.41015625 0.0234375 0.0296875
1 0.359375 0.415625 0.0375 0.05
0 0.27734375 0.428125 0.0328125 0.0375
0 0.396875 0.43203125 0.03125 0.0359375
0 0.40078125 0.44375 0.0328125 0.028125
0 0.278125 0.4546875 0.034375 0.05
1 0.33671875 0.45390625 0.0484375 0.0796875
0 0.39921875 0.45859375 0.0359375 0.0453125
0 0.5640625 0.459375 0.0375 0.053125
0 0.21484375 0.471875 0.0234375 0.053125
0 0.5359375 0.471875 0.04375 0.053125
1 0.25078125 0.484375 0.0609375 0.0875
0 0.3890625 0.48359375 0.04375 0.0546875
0 0.5296875 0.503125 0.05 0.065625
1 0.3046875 0.50390625 0.053125 0.0703125
0 0.35703125 0.57421875 0.0609375 0.0765625
0 0.17265625 0.590625 0.0703125 0.08125
0 0.25703125 0.59453125 0.0671875 0.0890625
0 0.07578125 0.903125 0.1515625 0.19375