1 0.6140625 0.4359375 0.046875 0.075
1 0.2859375 0.440625 0.04375 0.05625
1 0.55859375 0.44375 0.0671875 0.09375
0 0.49453125 0.44765625 0.0328125 0.0453125
1 0.33203125 0.45859375 0.0484375 0.0703125
1 0.24296875 0.478125 0.0578125 0.096875
0 0.65390625 0.496875 0.0484375 0.059375
0 0.3796875 0.51875 0.04375 0.059375
1 0.28984375 0.525 0.0703125 0.10625
0 0.53984375 0.534375 0.0578125 0.06875
0 0.3625 0.60859375 0.065625 0.0828125
1 0.0796875 0.609375 0.15625 0.23125
0 0.23125 0.67421875 0.084375 0.0890625
0 0.29140625 0.85390625 0.1328125 0.1671875
0 0.66796875 0.8984375 0.1453125 0.203125