1 0.33984375 0.3921875 0.0296875 0.05
1 0.53125 0.396875 0.0375 0.0625
1 0.375 0.4 0.0375 0.053125
1 0.2921875 0.415625 0.0625 0.09375
0 0.409375 0.42578125 0.028125 0.0390625
0 0.48984375 0.42578125 0.0265625 0.0359375
1 0.61640625 0.459375 0.0484375 0.046875
0 0.4015625 0.46015625 0.0375 0.0421875
1 0.30703125 0.47578125 0.0765625 0.1265625
1 0.23359375 0.48203125 0.0921875 0.1390625
0 0.375 0.5125 0.046875 0.053125
0 0.35703125 0.58125 0.0640625 0.08125
1 0.13359375 0.609375 0.1046875 0.134375
0 0.240625 0.61875 0.078125 0.084375
1 0.33671875 0.678125 0.0796875 0.115625
0 0.30078125 0.8125 0.1109375 0.146875