0 0.4734375 0.36875 0.0125 0.021875
0 0.48359375 0.39765625 0.0203125 0.0296875
0 0.55703125 0.40859375 0.0234375 0.0296875
1 0.35546875 0.42265625 0.0421875 0.0671875
1 0.290625 0.428125 0.05625 0.08125
0 0.4 0.44921875 0.034375 0.0390625
0 0.5125 0.45390625 0.028125 0.0453125
1 0.24609375 0.4625 0.0734375 0.08125
0 0.3921875 0.46875 0.0375 0.04375
0 0.3359375 0.47890625 0.0375 0.0453125
0 0.37890625 0.48203125 0.0328125 0.0265625
0 0.3125 0.50234375 0.0375 0.0453125
0 0.37578125 0.509375 0.0453125 0.059375
0 0.28984375 0.55 0.0421875 0.0875
0 0.3734375 0.55234375 0.046875 0.0671875
0 0.5453125 0.59296875 0.071875 0.1109375
1 0.190625 0.60234375 0.175 0.2296875
0 0.35234375 0.6046875 0.0671875 0.0625
1 0.06328125 0.63359375 0.1265625 0.2078125
0 0.33125 0.66875 0.096875 0.121875
0 0.290625 0.76875 0.109375 0.140625