1 0.3484375 0.3734375 0.034375 0.05
1 0.33125 0.39375 0.053125 0.078125
0 0.30234375 0.403125 0.0265625 0.034375
0 0.4234375 0.40546875 0.021875 0.0265625
0 0.40546875 0.41015625 0.0234375 0.0296875
1 0.36328125 0.41484375 0.0421875 0.0578125
1 0.559375 0.42109375 0.059375 0.0921875
0 0.396875 0.428125 0.03125 0.034375
0 0.39765625 0.44140625 0.0328125 0.0296875
0 0.2578125 0.44296875 0.034375 0.0390625
0 0.28984375 0.446875 0.0390625 0.053125
1 0.33671875 0.45546875 0.0578125 0.0859375
0 0.40234375 0.459375 0.0390625 0.046875
0 0.22578125 0.46015625 0.0421875 0.0578125
0 0.3890625 0.471875 0.05 0.059375
1 0.253125 0.475 0.084375 0.096875
0 0.3078125 0.5 0.053125 0.071875
0 0.5984375 0.50078125 0.05625 0.0640625
0 0.365625 0.53984375 0.071875 0.0921875
0 0.60625 0.55703125 0.078125 0.1109375
0 0.19375 0.55859375 0.071875 0.0953125
0 0.2671875 0.578125 0.08125 0.09375
0 0.58046875 0.61796875 0.0921875 0.1265625
0 0.13359375 0.7875 0.1421875 0.190625
0 0.19140625 0.94375 0.1890625 0.109375