1 0.5109375 0.375 0.01875 0.040625
0 0.5171875 0.396875 0.021875 0.03125
0 0.4859375 0.40078125 0.01875 0.0265625
0 0.565625 0.403125 0.025 0.034375
0 0.590625 0.42421875 0.028125 0.0359375
0 0.41640625 0.42578125 0.0171875 0.0359375
0 0.5296875 0.43125 0.021875 0.028125
1 0.27578125 0.4375 0.0515625 0.09375
1 0.3453125 0.43671875 0.040625 0.0640625
0 0.38984375 0.45 0.0328125 0.0375
0 0.5625 0.45625 0.025 0.0375
1 0.3234375 0.4640625 0.04375 0.08125
0 0.50390625 0.465625 0.0265625 0.034375
0 0.653125 0.47890625 0.0375 0.0546875
0 0.3890625 0.49609375 0.034375 0.0453125
1 0.21484375 0.5 0.1015625 0.13125
0 0.53359375 0.53984375 0.0578125 0.0796875
0 0.68125 0.5484375 0.078125 0.0875
0 0.3546875 0.56484375 0.05 0.0828125
0 0.64609375 0.590625 0.0640625 0.0875
0 0.08828125 0.5953125 0.0859375 0.10625
1 0.2125 0.621875 0.14375 0.196875
0 0.30390625 0.78515625 0.0765625 0.1578125
0 0.05703125 0.78984375 0.0890625 0.1296875
0 0.86328125 0.84921875 0.1484375 0.2109375