0 0.484375 0.390625 0.015625 0.025
1 0.34296875 0.39609375 0.0203125 0.0328125
0 0.3125 0.39921875 0.034375 0.0359375
0 0.41484375 0.409375 0.0171875 0.028125
0 0.36953125 0.41484375 0.0234375 0.0421875
0 0.49765625 0.42421875 0.0234375 0.0359375
0 0.55859375 0.42890625 0.0265625 0.0296875
0 0.4046875 0.43828125 0.01875 0.0359375
0 0.39765625 0.45625 0.0234375 0.04375
0 0.340625 0.4640625 0.025 0.05625
1 0.31484375 0.47265625 0.0578125 0.0953125
1 0.2265625 0.4890625 0.09375 0.14375
0 0.4015625 0.49140625 0.03125 0.0578125
1 0.60390625 0.5125 0.0484375 0.075
0 0.6671875 0.5140625 0.053125 0.06875
1 0.25703125 0.55703125 0.0703125 0.1234375
0 0.34921875 0.571875 0.0640625 0.090625
1 0.0953125 0.60390625 0.190625 0.2296875
0 0.57421875 0.64296875 0.0828125 0.1265625
0 0.7046875 0.6609375 0.078125 0.075
0 0.3359375 0.66796875 0.078125 0.1109375
1 0.1046875 0.79375 0.209375 0.321875
0 0.2546875 0.89453125 0.109375 0.2015625