1 0.34140625 0.421875 0.0609375 0.096875
0 0.40078125 0.4390625 0.0296875 0.03125
0 0.503125 0.459375 0.040625 0.05
0 0.39609375 0.46171875 0.0359375 0.0359375
1 0.26484375 0.47578125 0.0546875 0.0765625
0 0.3875 0.478125 0.034375 0.046875
1 0.30546875 0.48515625 0.0640625 0.0828125
1 0.2140625 0.50703125 0.0625 0.0640625
0 0.37890625 0.52734375 0.0421875 0.0546875
1 0.1390625 0.56796875 0.1 0.1109375
0 0.35234375 0.6125 0.0640625 0.078125
1 0.19296875 0.63203125 0.1796875 0.2390625
0 0.309375 0.73671875 0.0875 0.1109375