1 0.3703125 0.396875 0.03125 0.040625
0 0.48515625 0.40390625 0.0234375 0.0328125
0 0.415625 0.40703125 0.01875 0.0265625
0 0.56015625 0.4125 0.0234375 0.0375
0 0.4015625 0.41640625 0.025 0.0296875
1 0.35234375 0.41875 0.0421875 0.053125
1 0.29296875 0.42890625 0.0515625 0.0703125
0 0.4 0.45 0.03125 0.034375
0 0.340625 0.45078125 0.03125 0.0390625
1 0.240625 0.4546875 0.090625 0.075
0 0.51953125 0.4640625 0.0328125 0.04375
0 0.390625 0.47109375 0.0375 0.0453125
0 0.33125 0.471875 0.0375 0.046875
0 0.3796875 0.48828125 0.03125 0.0359375
0 0.3109375 0.50078125 0.03125 0.0484375
0 0.375 0.51015625 0.040625 0.0546875
0 0.28828125 0.54296875 0.0390625 0.0734375
0 0.37109375 0.55625 0.0484375 0.05625
0 0.35 0.60078125 0.059375 0.0609375
1 0.19921875 0.60625 0.1578125 0.234375
1 0.06640625 0.6265625 0.1328125 0.20625
0 0.5609375 0.63125 0.06875 0.11875
0 0.3296875 0.66484375 0.084375 0.1078125
0 0.2921875 0.765625 0.109375 0.1375