1 0.29140625 0.42265625 0.0546875 0.0828125
0 0.61640625 0.44375 0.0390625 0.05625
1 0.33359375 0.45 0.0453125 0.071875
0 0.5609375 0.45625 0.034375 0.05
0 0.50703125 0.46640625 0.0359375 0.0453125
0 0.3953125 0.47265625 0.034375 0.0453125
1 0.23203125 0.478125 0.0828125 0.128125
0 0.65703125 0.48984375 0.0546875 0.0671875
0 0.1765625 0.51328125 0.059375 0.0640625
0 0.3 0.51640625 0.053125 0.0546875
0 0.36875 0.525 0.046875 0.06875
0 0.6 0.53203125 0.05625 0.0765625
1 0.2421875 0.5875 0.109375 0.153125
0 0.684375 0.63515625 0.078125 0.1078125
0 0.5578125 0.6421875 0.071875 0.1
0 0.33984375 0.65 0.0734375 0.0875
0 0.11484375 0.653125 0.0765625 0.090625
1 0.83203125 0.66328125 0.1015625 0.1515625
0 0.05234375 0.91015625 0.1046875 0.1796875
0 0.2234375 0.934375 0.153125 0.13125