1 0.50625 0.36875 0.025 0.046875
1 0.35 0.37421875 0.03125 0.0484375
1 0.36640625 0.40625 0.0296875 0.04375
0 0.4 0.4078125 0.025 0.01875
1 0.32109375 0.4140625 0.0328125 0.04375
0 0.48984375 0.41328125 0.0203125 0.0234375
0 0.3984375 0.42890625 0.028125 0.0296875
0 0.30859375 0.43125 0.0265625 0.034375
1 0.34921875 0.4359375 0.0359375 0.0625
0 0.259375 0.44140625 0.034375 0.0328125
0 0.403125 0.45 0.03125 0.034375
0 0.3296875 0.46796875 0.0375 0.0515625
0 0.3921875 0.46875 0.034375 0.040625
0 0.2734375 0.475 0.034375 0.040625
0 0.378125 0.49453125 0.0375 0.0515625
1 0.1875 0.5125 0.1125 0.134375
0 0.29921875 0.51875 0.0484375 0.05625
0 0.371875 0.521875 0.046875 0.0625
0 0.2625 0.590625 0.0625 0.078125
1 0.07265625 0.65 0.1453125 0.24375
0 0.34140625 0.68984375 0.0828125 0.1078125
0 0.17109375 0.75 0.1078125 0.14375
0 0.240625 0.915625 0.128125 0.159375