0 0.5859375 0.428125 0.028125 0.0375
1 0.27421875 0.44609375 0.0671875 0.1078125
0 0.55859375 0.45546875 0.0359375 0.0515625
0 0.3875 0.4578125 0.034375 0.04375
0 0.34140625 0.46015625 0.0328125 0.0421875
0 0.50625 0.46796875 0.034375 0.0515625
0 0.21640625 0.478125 0.0515625 0.046875
0 0.21328125 0.51015625 0.0453125 0.0546875
1 0.29765625 0.51484375 0.0828125 0.1203125
0 0.384375 0.51875 0.046875 0.053125
0 0.5234375 0.53125 0.05 0.084375
1 0.6265625 0.540625 0.075 0.128125
0 0.08984375 0.58125 0.0765625 0.084375
0 0.34140625 0.60859375 0.0703125 0.0921875
0 0.53515625 0.609375 0.0578125 0.0875
0 0.1125 0.6203125 0.08125 0.10625
0 0.190625 0.66953125 0.0875 0.1109375
1 0.8484375 0.8 0.303125 0.4
0 0.1203125 0.85078125 0.1625 0.1734375