1 0.325 0.4125 0.034375 0.040625
0 0.36796875 0.41953125 0.0296875 0.0359375
0 0.4921875 0.42578125 0.028125 0.0359375
1 0.40703125 0.43671875 0.0296875 0.0390625
1 0.60625 0.44375 0.0375 0.05
0 0.346875 0.453125 0.03125 0.040625
0 0.39765625 0.47421875 0.0359375 0.0484375
1 0.5796875 0.4765625 0.046875 0.06875
1 0.24296875 0.4796875 0.0609375 0.0875
1 0.3078125 0.4921875 0.059375 0.0875
0 0.3875 0.5171875 0.04375 0.05
1 0.18984375 0.51875 0.0703125 0.090625
0 0.53515625 0.54453125 0.0484375 0.0734375
1 0.115625 0.58828125 0.10625 0.1609375
1 0.21875 0.60546875 0.1 0.1390625
0 0.328125 0.715625 0.084375 0.1125