0 0.4890625 0.3578125 0.025 0.01875
0 0.48203125 0.384375 0.0265625 0.034375
1 0.31484375 0.41328125 0.0453125 0.0609375
1 0.26875 0.43671875 0.053125 0.0765625
0 0.3484375 0.44765625 0.028125 0.0421875
0 0.3859375 0.465625 0.034375 0.05
1 0.259375 0.534375 0.13125 0.171875
0 0.38125 0.540625 0.04375 0.065625
0 0.346875 0.59375 0.06875 0.06875
1 0.14765625 0.64921875 0.2015625 0.2984375
0 0.3296875 0.659375 0.1 0.09375
0 0.29609375 0.75546875 0.1171875 0.1390625
0 0.25546875 0.915625 0.1515625 0.1625