1 0.325 0.40390625 0.05 0.0671875
1 0.28984375 0.42109375 0.0421875 0.0671875
0 0.5375 0.42890625 0.034375 0.0453125
0 0.36015625 0.43125 0.0265625 0.034375
0 0.39921875 0.440625 0.0296875 0.04375
1 0.2484375 0.453125 0.075 0.084375
0 0.3859375 0.50859375 0.0375 0.0578125
1 0.26484375 0.5125 0.1078125 0.15
0 0.54375 0.515625 0.05625 0.071875
0 0.3625 0.5625 0.05 0.075
1 0.15546875 0.65 0.2171875 0.325
0 0.3328125 0.65703125 0.0875 0.1234375
0 0.29140625 0.75 0.1078125 0.140625
1 0.0609375 0.8625 0.121875 0.275
0 0.26484375 0.90625 0.1390625 0.165625