1 0.353125 0.36484375 0.03125 0.0453125
1 0.33125 0.396875 0.04375 0.06875
0 0.31171875 0.4 0.0234375 0.034375
0 0.4234375 0.40546875 0.021875 0.0265625
1 0.365625 0.40625 0.0375 0.05
0 0.40390625 0.41015625 0.0234375 0.0296875
0 0.396875 0.43203125 0.03125 0.0359375
1 0.28671875 0.4375 0.0609375 0.0875
1 0.34140625 0.45 0.0484375 0.078125
0 0.39921875 0.45234375 0.0359375 0.0453125
0 0.390625 0.475 0.040625 0.046875
0 0.315625 0.49375 0.046875 0.065625
0 0.3765625 0.5015625 0.053125 0.06875
0 0.2375 0.50546875 0.05 0.0640625
0 0.17734375 0.51171875 0.0578125 0.0640625
0 0.27890625 0.55234375 0.0609375 0.0796875
1 0.6765625 0.57265625 0.1 0.1671875
0 0.2234375 0.6375 0.09375 0.109375
1 0.05390625 0.696875 0.1078125 0.29375
0 0.29609375 0.74375 0.1203125 0.16875
0 0.07421875 0.91953125 0.1484375 0.1609375