1 0.359375 0.40546875 0.04375 0.0640625
0 0.40078125 0.44375 0.0296875 0.03125
1 0.32578125 0.453125 0.0671875 0.1125
0 0.50546875 0.4640625 0.0390625 0.05625
0 0.39296875 0.48125 0.0421875 0.05625
1 0.225 0.50546875 0.071875 0.0984375
0 0.3796875 0.5125 0.046875 0.05625
1 0.26796875 0.534375 0.0890625 0.1125
1 0.73984375 0.54453125 0.1203125 0.1515625
1 0.1515625 0.57109375 0.090625 0.1046875
0 0.54453125 0.571875 0.0578125 0.096875
0 0.35234375 0.6 0.0578125 0.08125
1 0.0484375 0.64375 0.096875 0.09375
0 0.325 0.72734375 0.096875 0.1171875
1 0.0984375 0.815625 0.196875 0.36875