1 0.265625 0.459375 0.071875 0.09375
0 0.32890625 0.478125 0.0359375 0.046875
0 0.37890625 0.5109375 0.0453125 0.0625
1 0.18671875 0.51328125 0.1234375 0.1390625
0 0.2984375 0.52421875 0.04375 0.0515625
1 0.6453125 0.54375 0.125 0.215625
0 0.7328125 0.56171875 0.0625 0.0765625
0 0.37265625 0.5625 0.0515625 0.071875
0 0.27265625 0.575 0.0609375 0.084375
0 0.340625 0.62890625 0.071875 0.0828125
1 0.89296875 0.70546875 0.1890625 0.2640625
1 0.115625 0.725 0.228125 0.353125
0 0.30078125 0.75390625 0.1046875 0.1546875
0 0.62734375 0.790625 0.1078125 0.146875
0 0.2234375 0.9359375 0.15625 0.128125