1 0.61015625 0.4265625 0.0546875 0.08125
1 0.55 0.428125 0.053125 0.08125
1 0.3265625 0.45390625 0.05625 0.0796875
0 0.5125 0.471875 0.03125 0.05625
0 0.3890625 0.475 0.034375 0.0375
1 0.6015625 0.49296875 0.075 0.1109375
0 0.38359375 0.50859375 0.0421875 0.0421875
1 0.203125 0.5234375 0.078125 0.1125
1 0.265625 0.54375 0.121875 0.1625
0 0.36796875 0.553125 0.0546875 0.065625
1 0.13125 0.57421875 0.109375 0.1140625
0 0.54765625 0.61015625 0.0671875 0.0921875
0 0.33515625 0.63359375 0.0703125 0.0828125
0 0.30546875 0.73984375 0.1015625 0.1296875
1 0.11015625 0.809375 0.2203125 0.38125
0 0.67109375 0.90078125 0.1359375 0.1984375