1 0.359375 0.409375 0.053125 0.084375
0 0.4984375 0.43671875 0.028125 0.0359375
1 0.56015625 0.43671875 0.0546875 0.0765625
1 0.32109375 0.45546875 0.0640625 0.0765625
0 0.3890625 0.475 0.034375 0.0375
0 0.5140625 0.5015625 0.04375 0.05625
0 0.38359375 0.50859375 0.0421875 0.0421875
1 0.203125 0.5234375 0.078125 0.1125
1 0.253125 0.55078125 0.121875 0.1734375
0 0.36796875 0.553125 0.0546875 0.065625
1 0.1015625 0.590625 0.109375 0.115625
0 0.55625 0.603125 0.059375 0.09375
0 0.33359375 0.64140625 0.0703125 0.0828125
1 0.8875 0.7109375 0.15 0.1875
0 0.296875 0.76640625 0.103125 0.1421875
1 0.09921875 0.8234375 0.1921875 0.353125