1 0.29609375 0.4234375 0.0609375 0.0875
0 0.39140625 0.4421875 0.0265625 0.0375
0 0.35078125 0.45 0.0328125 0.040625
0 0.25078125 0.45625 0.0359375 0.040625
0 0.51796875 0.46796875 0.0328125 0.0484375
0 0.396875 0.475 0.0375 0.04375
1 0.321875 0.4796875 0.071875 0.1
0 0.20390625 0.484375 0.0484375 0.05
0 0.3734375 0.528125 0.05 0.0625
0 0.19609375 0.53671875 0.0578125 0.0765625
0 0.25 0.58515625 0.071875 0.0953125
0 0.55390625 0.5875 0.0640625 0.103125
0 0.32890625 0.6140625 0.0859375 0.09375
1 0.10078125 0.621875 0.1265625 0.153125
0 0.84375 0.690625 0.109375 0.121875
0 0.096875 0.85234375 0.146875 0.1703125
0 0.884375 0.91328125 0.2 0.1734375