0 0.50703125 0.39140625 0.0296875 0.0328125
1 0.321875 0.4109375 0.05 0.0625
0 0.36484375 0.41796875 0.0234375 0.0359375
0 0.5015625 0.42421875 0.028125 0.0359375
1 0.28046875 0.425 0.0703125 0.059375
0 0.35390625 0.440625 0.0359375 0.034375
1 0.2296875 0.453125 0.084375 0.071875
0 0.3921875 0.45390625 0.04375 0.0546875
0 0.31796875 0.50625 0.0328125 0.071875
0 0.384375 0.525 0.05 0.075
1 0.259375 0.53125 0.1125 0.1625
0 0.35859375 0.575 0.0515625 0.065625
0 0.33046875 0.64453125 0.0796875 0.1140625
1 0.1625 0.65625 0.2125 0.309375
0 0.04140625 0.665625 0.0578125 0.103125
0 0.284375 0.759375 0.115625 0.134375
1 0.0609375 0.865625 0.121875 0.26875
0 0.25546875 0.9140625 0.1671875 0.171875