1 0.61328125 0.4328125 0.0546875 0.08125
1 0.5625 0.43828125 0.0625 0.0890625
1 0.328125 0.45390625 0.05625 0.0796875
0 0.38828125 0.471875 0.0390625 0.04375
0 0.51875 0.48828125 0.0375 0.0609375
0 0.38359375 0.50234375 0.0421875 0.0421875
1 0.21328125 0.503125 0.0640625 0.10625
1 0.615625 0.51328125 0.075 0.1109375
1 0.26953125 0.534375 0.1109375 0.146875
0 0.3703125 0.55 0.05 0.065625
1 0.128125 0.5625 0.09375 0.09375
0 0.33828125 0.61953125 0.0703125 0.0765625
0 0.56328125 0.64375 0.0671875 0.1125
0 0.31171875 0.72421875 0.0953125 0.1265625
1 0.11796875 0.80234375 0.2359375 0.3796875