1 0.353125 0.36484375 0.03125 0.0453125
1 0.33125 0.396875 0.04375 0.06875
0 0.4234375 0.40546875 0.021875 0.0265625
0 0.30234375 0.40625 0.0328125 0.0375
0 0.40390625 0.41015625 0.0234375 0.0296875
1 0.3625 0.4125 0.0375 0.05
0 0.396875 0.43203125 0.03125 0.0359375
1 0.34140625 0.45 0.0484375 0.078125
0 0.39921875 0.45234375 0.0359375 0.0453125
1 0.27578125 0.459375 0.0609375 0.0875
0 0.390625 0.475 0.040625 0.046875
0 0.309375 0.49375 0.046875 0.065625
1 0.61796875 0.50625 0.0828125 0.140625
0 0.228125 0.51796875 0.05 0.0640625
0 0.3703125 0.51875 0.053125 0.06875
0 0.1265625 0.55078125 0.071875 0.0640625
0 0.27421875 0.55859375 0.0609375 0.0796875
0 0.203125 0.66015625 0.10625 0.1296875
0 0.74375 0.725 0.13125 0.15625
0 0.27578125 0.80234375 0.1390625 0.2046875