1 0.3546875 0.40859375 0.046875 0.0828125
1 0.31796875 0.453125 0.0640625 0.08125
0 0.39609375 0.45859375 0.0328125 0.0453125
0 0.5 0.465625 0.034375 0.046875
0 0.3875 0.475 0.034375 0.0375
0 0.3828125 0.509375 0.0375 0.05
0 0.53203125 0.528125 0.0453125 0.065625
1 0.18984375 0.534375 0.0765625 0.115625
0 0.3671875 0.56484375 0.059375 0.0671875
1 0.24296875 0.56796875 0.1296875 0.1765625
1 0.7734375 0.60859375 0.1 0.1328125
1 0.084375 0.61796875 0.125 0.1359375
0 0.3296875 0.659375 0.071875 0.090625
0 0.28828125 0.79453125 0.1078125 0.1484375
1 0.090625 0.84765625 0.18125 0.3046875