1 0.3546875 0.371875 0.03125 0.046875
1 0.51875 0.38125 0.03125 0.053125
0 0.47734375 0.3921875 0.0140625 0.025
1 0.33203125 0.4015625 0.0328125 0.04375
1 0.36484375 0.40625 0.0296875 0.04375
0 0.4 0.4078125 0.025 0.01875
0 0.2890625 0.41953125 0.025 0.0265625
0 0.4875 0.425 0.021875 0.03125
0 0.3984375 0.42890625 0.028125 0.0296875
0 0.30859375 0.43125 0.0265625 0.034375
1 0.34921875 0.4359375 0.0359375 0.0625
0 0.403125 0.45 0.03125 0.034375
0 0.5046875 0.45625 0.034375 0.046875
0 0.3328125 0.45703125 0.0375 0.0515625
0 0.2765625 0.4625 0.03125 0.0375
0 0.3921875 0.46875 0.034375 0.040625
0 0.378125 0.49453125 0.0375 0.0515625
1 0.21328125 0.49609375 0.0984375 0.1296875
0 0.309375 0.50625 0.046875 0.05625
0 0.371875 0.521875 0.046875 0.0625
0 0.2765625 0.56796875 0.059375 0.0640625
1 0.0890625 0.60390625 0.178125 0.2046875
0 0.35390625 0.6375 0.0671875 0.090625
0 0.21015625 0.68203125 0.0828125 0.1234375
0 0.2828125 0.79375 0.103125 0.125