0 0.3640625 0.41875 0.03125 0.04375
1 0.54140625 0.42109375 0.0421875 0.0703125
0 0.40625 0.4234375 0.034375 0.0375
0 0.58671875 0.43203125 0.0296875 0.0390625
0 0.3078125 0.434375 0.040625 0.046875
0 0.3421875 0.453125 0.040625 0.04375
0 0.4046875 0.459375 0.0375 0.04375
0 0.503125 0.465625 0.040625 0.05625
1 0.63203125 0.46796875 0.0640625 0.0890625
0 0.57421875 0.48203125 0.0421875 0.0609375
0 0.25546875 0.484375 0.0484375 0.05
0 0.328125 0.484375 0.0375 0.04375
0 0.3828125 0.50625 0.046875 0.05
0 0.3078125 0.51875 0.053125 0.065625
1 0.1453125 0.5515625 0.13125 0.18125
0 0.37421875 0.553125 0.0484375 0.0625
1 0.24765625 0.559375 0.1015625 0.13125
0 0.53515625 0.58359375 0.0578125 0.0796875
0 0.38515625 0.596875 0.0640625 0.084375
0 0.790625 0.634375 0.09375 0.1125
1 0.196875 0.634375 0.11875 0.15625
1 0.03984375 0.67421875 0.0796875 0.1890625
0 0.3078125 0.68515625 0.096875 0.1046875
1 0.76640625 0.7421875 0.1484375 0.225
0 0.621875 0.7875 0.1125 0.178125
0 0.28984375 0.809375 0.1046875 0.13125
1 0.096875 0.82578125 0.19375 0.3484375
0 0.2328125 0.934375 0.1625 0.13125