0 0.5046875 0.38125 0.021875 0.025
1 0.34375 0.38984375 0.03125 0.0421875
1 0.32421875 0.409375 0.0421875 0.065625
0 0.4953125 0.41015625 0.03125 0.0453125
1 0.28125 0.42734375 0.05 0.0671875
0 0.35390625 0.440625 0.0296875 0.0375
0 0.38984375 0.46015625 0.0359375 0.0546875
1 0.259375 0.52734375 0.103125 0.1578125
0 0.38359375 0.5296875 0.0546875 0.0625
0 0.35546875 0.58515625 0.0515625 0.0671875
1 0.1484375 0.64765625 0.203125 0.3078125
0 0.31796875 0.67265625 0.1015625 0.1328125
0 0.0296875 0.684375 0.05625 0.1125
0 0.28203125 0.753125 0.1171875 0.121875
1 0.059375 0.865625 0.11875 0.26875
0 0.25703125 0.9171875 0.1578125 0.165625