0 0.471875 0.36015625 0.015625 0.0203125
0 0.4953125 0.36171875 0.015625 0.0234375
1 0.3328125 0.3875 0.05 0.065625
0 0.4234375 0.40546875 0.025 0.0265625
1 0.36875 0.40625 0.03125 0.05
0 0.49140625 0.4109375 0.0265625 0.0375
1 0.30390625 0.41484375 0.0578125 0.0796875
0 0.4046875 0.41484375 0.028125 0.0328125
1 0.35390625 0.428125 0.0359375 0.05
0 0.3953125 0.43359375 0.028125 0.0421875
0 0.26484375 0.43671875 0.0328125 0.0390625
0 0.3484375 0.4484375 0.03125 0.0375
0 0.39765625 0.46484375 0.0359375 0.0421875
0 0.22265625 0.46875 0.0453125 0.04375
1 0.32265625 0.478125 0.0578125 0.096875
0 0.5296875 0.50546875 0.05 0.0640625
0 0.38203125 0.50625 0.0515625 0.065625
0 0.2046875 0.52421875 0.053125 0.0734375
0 0.26171875 0.5703125 0.0671875 0.09375
0 0.34140625 0.59140625 0.0734375 0.0953125
1 0.12109375 0.59296875 0.1234375 0.1515625
0 0.578125 0.65859375 0.084375 0.1171875
0 0.1234375 0.809375 0.134375 0.171875
0 0.94140625 0.81875 0.1171875 0.15
0 0.24375 0.92265625 0.153125 0.1546875