1 0.33671875 0.40546875 0.0265625 0.0359375
0 0.37265625 0.41171875 0.0265625 0.0359375
0 0.41328125 0.415625 0.0265625 0.03125
0 0.29375 0.43046875 0.028125 0.0359375
0 0.49375 0.4375 0.034375 0.046875
0 0.353125 0.44453125 0.034375 0.0390625
0 0.55546875 0.453125 0.0328125 0.04375
0 0.40078125 0.45390625 0.0328125 0.0421875
0 0.3328125 0.4765625 0.0375 0.05625
1 0.20390625 0.49765625 0.0984375 0.1328125
0 0.3859375 0.5 0.0375 0.053125
1 0.29375 0.5046875 0.065625 0.1
0 0.3953125 0.534375 0.05 0.075
0 0.70625 0.55625 0.065625 0.0875
0 0.54609375 0.55859375 0.0609375 0.0796875
1 0.20703125 0.61953125 0.1046875 0.1515625
0 0.3296875 0.6375 0.06875 0.109375
1 0.06875 0.6375 0.1375 0.228125
0 0.3078125 0.75625 0.096875 0.121875
1 0.09296875 0.8265625 0.1859375 0.346875
0 0.234375 0.93125 0.15 0.1375