1 0.34765625 0.39375 0.0265625 0.0375
1 0.53359375 0.40390625 0.0453125 0.0703125
0 0.37421875 0.4125 0.0265625 0.034375
1 0.29375 0.42421875 0.04375 0.0515625
0 0.496875 0.428125 0.028125 0.03125
0 0.40859375 0.42890625 0.0234375 0.0296875
0 0.58984375 0.43203125 0.0265625 0.0359375
1 0.35234375 0.4375 0.0390625 0.05625
0 0.39921875 0.45703125 0.0328125 0.0359375
1 0.25390625 0.46015625 0.0515625 0.0703125
1 0.303125 0.4875 0.05 0.09375
0 0.51328125 0.4875 0.0421875 0.059375
1 0.2125 0.503125 0.06875 0.1
0 0.36875 0.5671875 0.05625 0.075
1 0.24375 0.5875 0.0875 0.134375
0 0.33984375 0.684375 0.0890625 0.11875
0 0.13984375 0.8375 0.1359375 0.140625