1 0.3421875 0.41875 0.0625 0.0875
0 0.4953125 0.41875 0.025 0.0375
0 0.40078125 0.4390625 0.0296875 0.03125
1 0.6109375 0.45 0.04375 0.05625
0 0.39609375 0.46171875 0.0359375 0.0359375
1 0.26484375 0.47578125 0.0546875 0.0765625
0 0.3875 0.478125 0.034375 0.046875
1 0.30546875 0.48515625 0.0640625 0.0828125
0 0.521875 0.50625 0.053125 0.0625
1 0.2140625 0.50703125 0.0625 0.0640625
0 0.37890625 0.52734375 0.0421875 0.0546875
1 0.1453125 0.56796875 0.1 0.1109375
0 0.36015625 0.6 0.0640625 0.078125
1 0.2140625 0.615625 0.16875 0.225
0 0.31328125 0.715625 0.0859375 0.10625
0 0.2515625 0.91328125 0.153125 0.1734375