0 0.48671875 0.409375 0.0234375 0.03125
1 0.3546875 0.41640625 0.046875 0.0671875
0 0.565625 0.41796875 0.028125 0.0390625
1 0.29921875 0.43125 0.0453125 0.071875
1 0.25234375 0.45234375 0.0734375 0.0796875
0 0.3921875 0.46875 0.0375 0.046875
0 0.33046875 0.47421875 0.0390625 0.0515625
0 0.5234375 0.47421875 0.034375 0.0515625
0 0.38046875 0.48515625 0.0359375 0.0328125
0 0.31015625 0.5 0.0421875 0.053125
0 0.375 0.5046875 0.040625 0.0625
0 0.29140625 0.540625 0.0421875 0.06875
0 0.3703125 0.553125 0.046875 0.059375
1 0.1953125 0.5984375 0.165625 0.225
0 0.3453125 0.60625 0.059375 0.059375
1 0.0671875 0.61875 0.134375 0.19375
0 0.33203125 0.66953125 0.0859375 0.1140625
0 0.57734375 0.68671875 0.0859375 0.1515625
0 0.290625 0.76328125 0.10625 0.1359375