0 0.30859375 0.4078125 0.0265625 0.03125
0 0.54453125 0.41640625 0.0265625 0.0328125
0 0.4953125 0.41875 0.025 0.0375
0 0.3625 0.428125 0.025 0.034375
0 0.40703125 0.434375 0.0265625 0.0375
0 0.34453125 0.459375 0.0296875 0.053125
0 0.3984375 0.46796875 0.034375 0.0484375
0 0.575 0.475 0.04375 0.065625
0 0.62890625 0.475 0.0453125 0.059375
1 0.31015625 0.48359375 0.0578125 0.0953125
1 0.221875 0.49765625 0.0875 0.1546875
0 0.4 0.50078125 0.040625 0.0609375
0 0.53125 0.55859375 0.0625 0.0828125
0 0.63125 0.57265625 0.0625 0.0703125
1 0.25078125 0.575 0.0921875 0.140625
0 0.33828125 0.6 0.0703125 0.08125
1 0.08515625 0.61328125 0.1703125 0.2234375
0 0.328125 0.6859375 0.078125 0.1
1 0.09609375 0.815625 0.1921875 0.334375
0 0.25390625 0.909375 0.1359375 0.18125