1 0.35234375 0.42421875 0.0578125 0.0765625
1 0.30703125 0.42890625 0.0453125 0.0671875
0 0.39609375 0.453125 0.0390625 0.04375
1 0.31015625 0.471875 0.0859375 0.115625
1 0.24765625 0.48046875 0.0609375 0.0984375
0 0.5296875 0.4921875 0.046875 0.0625
0 0.38984375 0.4984375 0.0421875 0.05
0 0.3734375 0.540625 0.05 0.059375
1 0.2578125 0.55859375 0.090625 0.1171875
1 0.10625 0.571875 0.190625 0.234375
0 0.35234375 0.58671875 0.0640625 0.0640625
0 0.33125 0.6484375 0.075 0.1
1 0.32890625 0.71796875 0.0859375 0.1265625
0 0.6078125 0.746875 0.103125 0.171875
0 0.83125 0.82734375 0.14375 0.2328125
0 0.290625 0.840625 0.1125 0.15