1 0.3671875 0.359375 0.028125 0.040625
0 0.4765625 0.36875 0.015625 0.01875
1 0.50703125 0.37578125 0.0234375 0.0390625
1 0.3859375 0.390625 0.025 0.0375
0 0.41796875 0.39296875 0.0203125 0.0234375
0 0.4796875 0.396875 0.021875 0.028125
1 0.5515625 0.396875 0.028125 0.04375
1 0.325 0.4 0.034375 0.059375
0 0.4125 0.40546875 0.021875 0.0234375
1 0.3625 0.40703125 0.034375 0.0515625
0 0.5265625 0.409375 0.021875 0.028125
0 0.40703125 0.41875 0.0265625 0.034375
0 0.4875 0.42734375 0.025 0.0328125
0 0.31640625 0.43203125 0.0296875 0.0390625
0 0.57265625 0.440625 0.0359375 0.040625
0 0.35 0.446875 0.03125 0.034375
0 0.3953125 0.453125 0.0375 0.040625
1 0.284375 0.45703125 0.046875 0.0515625
0 0.50703125 0.46640625 0.0359375 0.0453125
0 0.3296875 0.46875 0.0375 0.0375
0 0.39921875 0.484375 0.0390625 0.0375
1 0.5859375 0.48515625 0.05 0.0703125
0 0.31484375 0.5 0.0359375 0.0375
0 0.2203125 0.51484375 0.040625 0.0453125
0 0.378125 0.525 0.040625 0.046875
1 0.3046875 0.53125 0.040625 0.065625
1 0.24453125 0.56875 0.0921875 0.125
0 0.37421875 0.56875 0.0421875 0.053125
1 0.10625 0.56875 0.153125 0.171875
0 0.38359375 0.61328125 0.0640625 0.0859375
1 0.19609375 0.640625 0.1171875 0.159375
1 0.03515625 0.684375 0.0703125 0.1875
0 0.3125 0.69140625 0.090625 0.1046875
0 0.61328125 0.75 0.0984375 0.140625
0 0.29375 0.809375 0.1 0.125
1 0.09140625 0.82890625 0.1828125 0.3421875
0 0.228125 0.94140625 0.15 0.1171875