1 0.3671875 0.396875 0.040625 0.05625
1 0.3375 0.42421875 0.065625 0.1015625
0 0.40078125 0.4390625 0.0296875 0.03125
0 0.39609375 0.46171875 0.0359375 0.0359375
1 0.25078125 0.48125 0.0609375 0.08125
0 0.3859375 0.484375 0.034375 0.046875
1 0.290625 0.49765625 0.075 0.0921875
1 0.190625 0.52421875 0.065625 0.0734375
0 0.3703125 0.54609375 0.046875 0.0703125
1 0.10546875 0.5921875 0.1109375 0.1125
0 0.346875 0.64765625 0.071875 0.0953125
1 0.15390625 0.69453125 0.2203125 0.2984375
0 0.2921875 0.796875 0.109375 0.125