1 0.28828125 0.43125 0.0640625 0.096875
0 0.39140625 0.4421875 0.0265625 0.0375
0 0.51171875 0.453125 0.0328125 0.04375
0 0.34609375 0.45390625 0.0328125 0.0421875
0 0.23984375 0.4625 0.0359375 0.040625
0 0.390625 0.48671875 0.040625 0.0484375
1 0.3171875 0.4875 0.071875 0.1
0 0.1921875 0.49453125 0.053125 0.0515625
0 0.52890625 0.51875 0.0453125 0.06875
0 0.36875 0.5375 0.053125 0.065625
0 0.18203125 0.55078125 0.0578125 0.0765625
0 0.73671875 0.5828125 0.0671875 0.08125
0 0.2421875 0.59609375 0.071875 0.0953125
1 0.078125 0.64453125 0.1375 0.1640625
0 0.3046875 0.653125 0.096875 0.103125
0 0.7203125 0.703125 0.109375 0.13125
0 0.6046875 0.74453125 0.096875 0.1640625
0 0.06640625 0.91640625 0.1328125 0.1671875