1 0.5234375 0.3875 0.03125 0.0625
1 0.3375 0.39140625 0.034375 0.0578125
1 0.36875 0.40390625 0.0375 0.0546875
0 0.4875 0.4125 0.028125 0.034375
1 0.29375 0.415625 0.0625 0.09375
0 0.409375 0.42578125 0.028125 0.0390625
1 0.59765625 0.44296875 0.0453125 0.0515625
0 0.4015625 0.46015625 0.0375 0.0421875
1 0.23359375 0.48203125 0.0921875 0.1390625
1 0.29921875 0.4859375 0.0890625 0.1375
0 0.18828125 0.49375 0.0421875 0.05
0 0.375 0.5125 0.046875 0.053125
0 0.35703125 0.58125 0.0640625 0.08125
1 0.11796875 0.621875 0.1140625 0.14375
0 0.22265625 0.64453125 0.0921875 0.0984375
1 0.33515625 0.684375 0.0859375 0.11875
0 0.29609375 0.83359375 0.1140625 0.1453125