1 0.265625 0.459375 0.071875 0.09375
0 0.32890625 0.478125 0.0359375 0.046875
1 0.6046875 0.49296875 0.09375 0.1640625
0 0.37890625 0.5109375 0.0453125 0.0625
1 0.17265625 0.52421875 0.1296875 0.1484375
0 0.2984375 0.52421875 0.04375 0.0515625
1 0.7421875 0.56015625 0.103125 0.1578125
0 0.37265625 0.5625 0.0515625 0.071875
0 0.26640625 0.57890625 0.0609375 0.0828125
0 0.55625 0.6 0.059375 0.084375
0 0.3359375 0.63984375 0.06875 0.0796875
1 0.11015625 0.7625 0.2203125 0.378125
0 0.29609375 0.784375 0.1171875 0.1625
0 0.709375 0.803125 0.125 0.1875