0 0.48671875 0.39375 0.0265625 0.03125
1 0.37421875 0.39375 0.0328125 0.053125
0 0.41484375 0.403125 0.0328125 0.03125
1 0.53515625 0.415625 0.0421875 0.0625
0 0.359375 0.421875 0.034375 0.046875
0 0.40859375 0.42421875 0.0328125 0.0359375
0 0.58359375 0.42421875 0.0296875 0.0390625
0 0.3046875 0.43671875 0.040625 0.0484375
0 0.3421875 0.453125 0.040625 0.04375
1 0.6234375 0.4546875 0.05 0.075
0 0.5 0.46015625 0.034375 0.0453125
0 0.40625 0.46484375 0.04375 0.0453125
0 0.565625 0.471875 0.040625 0.053125
0 0.25546875 0.484375 0.0484375 0.05
0 0.325 0.48671875 0.053125 0.0515625
0 0.38359375 0.5171875 0.0484375 0.05
1 0.3078125 0.51875 0.053125 0.065625
1 0.1375 0.55234375 0.14375 0.1921875
0 0.37578125 0.553125 0.0578125 0.06875
1 0.24765625 0.559375 0.1015625 0.13125
0 0.528125 0.56484375 0.053125 0.0671875
0 0.75234375 0.59375 0.1015625 0.115625
0 0.38125 0.61015625 0.075 0.0953125
1 0.196875 0.6328125 0.11875 0.15625
1 0.03984375 0.671875 0.0796875 0.190625
0 0.3078125 0.68515625 0.096875 0.1046875
1 0.73203125 0.696875 0.1578125 0.190625
0 0.59921875 0.72734375 0.0984375 0.1703125
0 0.28984375 0.809375 0.1046875 0.13125
1 0.096875 0.82578125 0.19375 0.3484375
0 0.2328125 0.934375 0.1625 0.13125