1 0.3125 0.4125 0.05625 0.071875
1 0.25703125 0.43671875 0.0640625 0.0640625
0 0.34140625 0.459375 0.0421875 0.053125
0 0.3859375 0.47734375 0.040625 0.0703125
1 0.18515625 0.51484375 0.1109375 0.1296875
0 0.52734375 0.53203125 0.0578125 0.0859375
1 0.25390625 0.53828125 0.1296875 0.1734375
0 0.37578125 0.546875 0.0578125 0.075
0 0.35078125 0.59375 0.0609375 0.075
0 0.3359375 0.66796875 0.103125 0.1140625
1 0.15 0.67109375 0.234375 0.3171875
0 0.29453125 0.75625 0.1265625 0.14375
1 0.0515625 0.87265625 0.103125 0.2546875
0 0.6609375 0.90078125 0.15 0.1984375
0 0.26796875 0.9078125 0.1453125 0.184375