1 0.28828125 0.43203125 0.0390625 0.0609375
1 0.628125 0.45234375 0.05 0.0703125
1 0.3359375 0.453125 0.046875 0.065625
1 0.56875 0.45859375 0.065625 0.0953125
0 0.4984375 0.4625 0.04375 0.05625
1 0.2484375 0.4703125 0.059375 0.09375
0 0.3859375 0.5109375 0.04375 0.0625
1 0.296875 0.51171875 0.065625 0.0890625
0 0.68046875 0.52421875 0.0515625 0.0609375
0 0.55625 0.58203125 0.06875 0.0890625
0 0.3625 0.5953125 0.06875 0.08125
1 0.0921875 0.59921875 0.165625 0.2140625
0 0.246875 0.65 0.078125 0.09375
0 0.303125 0.8203125 0.121875 0.14375