0 0.56484375 0.4 0.0359375 0.0375
0 0.53046875 0.40703125 0.0328125 0.0390625
0 0.48828125 0.41875 0.0328125 0.046875
0 0.41640625 0.428125 0.0390625 0.05
1 0.60078125 0.4390625 0.0453125 0.05625
1 0.34375 0.440625 0.046875 0.078125
1 0.27265625 0.44140625 0.0703125 0.1046875
0 0.56953125 0.45 0.0453125 0.046875
0 0.50703125 0.45625 0.0421875 0.05625
1 0.325 0.46875 0.05625 0.0875
0 0.3890625 0.471875 0.065625 0.05
0 0.57421875 0.48125 0.0484375 0.059375
1 0.1953125 0.5125 0.11875 0.14375
0 0.38125 0.521875 0.05625 0.065625
0 0.13828125 0.534375 0.0390625 0.065625
0 0.64921875 0.5625 0.0828125 0.1
0 0.15390625 0.590625 0.0828125 0.1
0 0.340625 0.6046875 0.078125 0.1125
0 0.5609375 0.61796875 0.084375 0.1265625
1 0.18828125 0.66015625 0.1578125 0.2296875
0 0.0328125 0.66640625 0.065625 0.1453125
0 0.87734375 0.71328125 0.1390625 0.1765625
0 0.80546875 0.825 0.1546875 0.20625
0 0.053125 0.859375 0.10625 0.165625
0 0.2796875 0.89921875 0.14375 0.1765625