1 0.31015625 0.4125 0.0578125 0.0875
0 0.41171875 0.4171875 0.0265625 0.0375
1 0.56015625 0.43359375 0.0578125 0.0921875
0 0.49609375 0.43828125 0.0296875 0.0484375
0 0.40859375 0.44375 0.0296875 0.034375
1 0.26328125 0.45 0.0796875 0.11875
1 0.3234375 0.45390625 0.0625 0.1078125
0 0.3875 0.4875 0.034375 0.046875
0 0.5203125 0.5125 0.040625 0.053125
0 0.28359375 0.5484375 0.0578125 0.0625
0 0.36484375 0.55390625 0.0546875 0.0703125
1 0.18671875 0.559375 0.0859375 0.115625
1 0.72421875 0.578125 0.0859375 0.096875
1 0.35078125 0.640625 0.0703125 0.10625
1 0.0546875 0.70703125 0.109375 0.1734375
0 0.3125 0.77265625 0.096875 0.1328125
0 0.0828125 0.878125 0.153125 0.1625