1 0.33671875 0.40546875 0.0265625 0.0359375
0 0.37109375 0.415625 0.0296875 0.034375
0 0.4140625 0.41875 0.028125 0.03125
0 0.29296875 0.43046875 0.0296875 0.0359375
0 0.48984375 0.43125 0.0328125 0.04375
0 0.35078125 0.44453125 0.0328125 0.0390625
0 0.5484375 0.44609375 0.034375 0.0421875
0 0.40078125 0.45703125 0.0328125 0.0390625
0 0.3265625 0.48125 0.0375 0.05625
0 0.38515625 0.50078125 0.0421875 0.0515625
1 0.2015625 0.5046875 0.1 0.1375
1 0.290625 0.50859375 0.065625 0.0953125
0 0.5390625 0.534375 0.05625 0.071875
0 0.3953125 0.5375 0.05 0.075
0 0.68984375 0.53828125 0.0578125 0.0734375
1 0.20703125 0.61953125 0.1046875 0.1515625
0 0.32734375 0.6328125 0.0734375 0.10625
1 0.06640625 0.63671875 0.1328125 0.2140625
0 0.30625 0.76015625 0.096875 0.1203125
1 0.0921875 0.82734375 0.184375 0.3421875
0 0.23515625 0.934375 0.1515625 0.13125