1 0.321875 0.396875 0.05 0.078125
0 0.40859375 0.43125 0.0296875 0.034375
1 0.3375 0.43515625 0.0625 0.0953125
1 0.27890625 0.43671875 0.0703125 0.1109375
0 0.496875 0.4375 0.028125 0.0375
0 0.39375 0.46875 0.034375 0.046875
0 0.51953125 0.48203125 0.0328125 0.0515625
1 0.61875 0.50546875 0.084375 0.1609375
0 0.309375 0.5125 0.05 0.05625
1 0.215625 0.52265625 0.065625 0.0953125
0 0.375 0.52734375 0.05 0.0578125
0 0.53515625 0.54296875 0.0515625 0.0859375
0 0.14453125 0.5453125 0.0609375 0.05625
1 0.35234375 0.60625 0.0671875 0.09375
1 0.10859375 0.63984375 0.1078125 0.1453125
0 0.3265625 0.734375 0.090625 0.125
0 0.16796875 0.734375 0.1078125 0.103125
0 0.6140625 0.80234375 0.103125 0.1546875
1 0.93984375 0.91875 0.1203125 0.1625