0 0.48984375 0.346875 0.0109375 0.009375
1 0.51171875 0.34921875 0.0203125 0.0265625
0 0.4703125 0.35546875 0.0125 0.0234375
0 0.4921875 0.36875 0.015625 0.028125
1 0.53203125 0.36875 0.0296875 0.05
0 0.47734375 0.37421875 0.0109375 0.0140625
0 0.48984375 0.39375 0.0234375 0.025
0 0.365625 0.421875 0.021875 0.0375
0 0.40546875 0.42265625 0.0265625 0.0328125
0 0.49453125 0.4296875 0.0296875 0.0375
1 0.31953125 0.459375 0.0734375 0.115625
0 0.39375 0.4625 0.04375 0.028125
1 0.2484375 0.47265625 0.05625 0.0703125
1 0.590625 0.47734375 0.05625 0.0828125
0 0.38828125 0.49921875 0.0515625 0.0515625
1 0.65703125 0.56484375 0.0953125 0.1671875
0 0.33359375 0.634375 0.0703125 0.11875
1 0.17421875 0.63515625 0.2140625 0.2828125
0 0.5890625 0.678125 0.0875 0.1375
0 0.2953125 0.746875 0.1 0.134375
1 0.06015625 0.86875 0.1203125 0.2625
0 0.2578125 0.9 0.1125 0.171875