1 0.34453125 0.42734375 0.0578125 0.0953125
0 0.5015625 0.42890625 0.053125 0.0546875
1 0.55546875 0.44765625 0.0453125 0.0703125
0 0.39921875 0.45703125 0.0359375 0.0484375
1 0.64140625 0.46875 0.0796875 0.10625
0 0.525 0.49609375 0.053125 0.0828125
1 0.27734375 0.51171875 0.1078125 0.1734375
0 0.37421875 0.54140625 0.0609375 0.0921875
1 0.13515625 0.584375 0.1265625 0.128125
0 0.34765625 0.6 0.0671875 0.096875
1 0.14296875 0.696875 0.1828125 0.253125
1 0.0390625 0.728125 0.078125 0.19375
0 0.66796875 0.790625 0.1703125 0.21875
0 0.28828125 0.828125 0.1140625 0.1625