1 0.3625 0.4078125 0.046875 0.06875
1 0.3078125 0.4125 0.053125 0.078125
1 0.565625 0.43671875 0.046875 0.0765625
0 0.4015625 0.4421875 0.034375 0.0375
0 0.24921875 0.44921875 0.0265625 0.0359375
0 0.34453125 0.4578125 0.0328125 0.04375
1 0.26796875 0.47109375 0.0484375 0.0671875
0 0.3921875 0.47734375 0.040625 0.0453125
1 0.2046875 0.5375 0.065625 0.09375
0 0.37421875 0.54296875 0.0515625 0.0734375
0 0.26796875 0.56328125 0.0546875 0.0609375
1 0.7640625 0.59921875 0.090625 0.1359375
0 0.35 0.634375 0.065625 0.09375
0 0.18671875 0.684375 0.0796875 0.08125
1 0.04296875 0.70390625 0.0859375 0.2046875
0 0.1390625 0.8234375 0.128125 0.1375
0 0.28125 0.834375 0.11875 0.140625