1 0.5078125 0.346875 0.0125 0.025
0 0.4671875 0.346875 0.0125 0.015625
1 0.4890625 0.3484375 0.015625 0.025
0 0.47734375 0.359375 0.0140625 0.01875
1 0.52421875 0.36328125 0.0203125 0.0359375
0 0.4828125 0.396875 0.015625 0.01875
0 0.36484375 0.42109375 0.0203125 0.0296875
0 0.40703125 0.42109375 0.0203125 0.0296875
1 0.5484375 0.43359375 0.034375 0.0546875
1 0.31015625 0.465625 0.0671875 0.125
1 0.5828125 0.465625 0.0625 0.103125
1 0.240625 0.471875 0.05 0.071875
0 0.3953125 0.4765625 0.03125 0.04375
0 0.51953125 0.49375 0.0421875 0.06875
0 0.37734375 0.51640625 0.0421875 0.0546875
1 0.1640625 0.65 0.215625 0.303125
0 0.3328125 0.65 0.075 0.1125
0 0.2953125 0.73984375 0.096875 0.1171875
1 0.05625 0.86640625 0.1125 0.2671875
0 0.2609375 0.90078125 0.128125 0.1640625