1 0.52890625 0.40703125 0.0359375 0.0390625
0 0.3640625 0.42734375 0.03125 0.0453125
0 0.4078125 0.428125 0.040625 0.04375
1 0.55625 0.43125 0.046875 0.078125
0 0.496875 0.440625 0.040625 0.05625
1 0.30703125 0.4765625 0.0859375 0.13125
0 0.39140625 0.4828125 0.0359375 0.05625
1 0.23671875 0.4875 0.0640625 0.084375
0 0.37734375 0.51796875 0.0484375 0.0609375
1 0.15625 0.65546875 0.23125 0.3140625
0 0.3328125 0.6578125 0.0875 0.13125
0 0.2921875 0.75703125 0.10625 0.1484375
1 0.0625 0.8640625 0.11875 0.271875
0 0.265625 0.90703125 0.140625 0.1734375