1 0.56015625 0.3890625 0.0421875 0.05625
0 0.4890625 0.3953125 0.025 0.03125
1 0.34921875 0.421875 0.0609375 0.0875
0 0.409375 0.43125 0.034375 0.0375
0 0.54453125 0.43203125 0.0421875 0.0515625
0 0.39609375 0.45625 0.0328125 0.04375
0 0.5078125 0.46015625 0.04375 0.0671875
1 0.5859375 0.4875 0.06875 0.10625
1 0.67890625 0.49375 0.1015625 0.146875
1 0.2859375 0.5 0.10625 0.159375
0 0.3765625 0.528125 0.0625 0.08125
1 0.15390625 0.565625 0.1171875 0.125
0 0.5515625 0.575 0.08125 0.103125
0 0.3515625 0.5859375 0.08125 0.0875
1 0.16796875 0.66875 0.1546875 0.20625
1 0.04453125 0.70703125 0.0890625 0.2015625
0 0.3046875 0.7875 0.11875 0.15
0 0.259375 0.9671875 0.175 0.065625