1 0.5390625 0.42265625 0.034375 0.0453125
0 0.30390625 0.44140625 0.0328125 0.0421875
0 0.3421875 0.4515625 0.03125 0.04375
0 0.39140625 0.459375 0.0390625 0.04375
1 0.26796875 0.471875 0.0484375 0.059375
0 0.3265625 0.47578125 0.040625 0.0390625
0 0.51796875 0.48671875 0.0390625 0.0484375
0 0.3953125 0.49140625 0.04375 0.0421875
0 0.31328125 0.50390625 0.0390625 0.0421875
1 0.63125 0.53125 0.065625 0.11875
0 0.3046875 0.53125 0.040625 0.065625
0 0.37578125 0.534375 0.0515625 0.05625
0 0.20078125 0.5390625 0.0453125 0.05625
0 0.53984375 0.54453125 0.0546875 0.0765625
1 0.24609375 0.5625 0.0921875 0.125
0 0.37421875 0.56875 0.0484375 0.053125
1 0.0953125 0.57734375 0.153125 0.1703125
0 0.38203125 0.61328125 0.0671875 0.0859375
1 0.19453125 0.64296875 0.1203125 0.1640625
1 0.03515625 0.684375 0.0703125 0.1875
0 0.3109375 0.69453125 0.09375 0.1109375
0 0.29140625 0.809375 0.1046875 0.128125
0 0.62109375 0.828125 0.1203125 0.19375
1 0.09140625 0.82890625 0.1828125 0.3421875
0 0.228125 0.94140625 0.15 0.1171875