1 0.5703125 0.40859375 0.025 0.0546875
0 0.41328125 0.4125 0.0234375 0.0375
1 0.31171875 0.42109375 0.0453125 0.0796875
1 0.5421875 0.421875 0.0375 0.059375
0 0.40859375 0.4375 0.0296875 0.04375
1 0.28046875 0.4375 0.0578125 0.084375
0 0.33984375 0.45625 0.0484375 0.0375
0 0.39765625 0.459375 0.0296875 0.053125
0 0.3828125 0.48046875 0.034375 0.0265625
0 0.31953125 0.4953125 0.0421875 0.05625
0 0.3796875 0.503125 0.040625 0.053125
0 0.525 0.50703125 0.04375 0.0765625
0 0.30234375 0.534375 0.0296875 0.08125
1 0.16015625 0.53828125 0.1015625 0.1390625
0 0.375 0.553125 0.046875 0.075
1 0.2265625 0.55625 0.1375 0.1875
0 0.35078125 0.59453125 0.0578125 0.0734375
0 0.33046875 0.65625 0.0765625 0.115625
0 0.29765625 0.740625 0.0828125 0.115625
1 0.1015625 0.7859375 0.203125 0.428125
0 0.92109375 0.7875 0.1390625 0.184375
0 0.68359375 0.9078125 0.1609375 0.184375