1 0.25078125 0.46484375 0.0734375 0.0953125
1 0.5890625 0.4734375 0.084375 0.15
0 0.32890625 0.478125 0.0359375 0.046875
0 0.37890625 0.5109375 0.0453125 0.0625
1 0.6890625 0.5109375 0.075 0.125
0 0.2984375 0.52421875 0.04375 0.0515625
1 0.1625 0.534375 0.1375 0.165625
0 0.53203125 0.5421875 0.0453125 0.0625
0 0.37265625 0.5625 0.0515625 0.071875
0 0.26328125 0.58359375 0.0671875 0.0921875
0 0.3359375 0.63984375 0.06875 0.0796875
0 0.62265625 0.6609375 0.0796875 0.125
1 0.103125 0.7984375 0.20625 0.403125
0 0.2859375 0.809375 0.125 0.178125