1 0.57734375 0.46328125 0.0703125 0.1359375
1 0.25078125 0.46484375 0.0734375 0.0953125
0 0.32265625 0.4875 0.0421875 0.05625
1 0.66484375 0.490625 0.0703125 0.109375
0 0.37421875 0.51328125 0.0453125 0.0640625
0 0.52578125 0.515625 0.0453125 0.0625
1 0.1625 0.534375 0.1375 0.165625
0 0.2921875 0.53671875 0.05 0.0609375
0 0.3671875 0.56796875 0.053125 0.0734375
0 0.26328125 0.58359375 0.0671875 0.0921875
0 0.5953125 0.6140625 0.071875 0.10625
0 0.33125 0.65234375 0.071875 0.0828125
1 0.1 0.7984375 0.2 0.403125
0 0.27890625 0.825 0.1296875 0.178125