0 0.56484375 0.4 0.0359375 0.0375
0 0.53046875 0.40703125 0.0328125 0.0390625
0 0.4859375 0.415625 0.03125 0.03125
0 0.41640625 0.428125 0.0390625 0.05
0 0.5984375 0.434375 0.040625 0.046875
1 0.34375 0.440625 0.046875 0.078125
0 0.56640625 0.44375 0.0453125 0.046875
1 0.26484375 0.446875 0.0828125 0.10625
0 0.50078125 0.446875 0.0359375 0.05625
0 0.3890625 0.471875 0.065625 0.05
0 0.565625 0.47109375 0.0375 0.0453125
1 0.32421875 0.47265625 0.0671875 0.0953125
1 0.18828125 0.50625 0.1546875 0.140625
0 0.38125 0.52578125 0.05625 0.0640625
0 0.13828125 0.534375 0.0390625 0.065625
0 0.63125 0.54375 0.059375 0.08125
0 0.55 0.58046875 0.065625 0.0984375
0 0.340625 0.6046875 0.078125 0.1125
0 0.153125 0.60625 0.078125 0.084375
0 0.81484375 0.6546875 0.1171875 0.1625
1 0.1921875 0.66875 0.1875 0.24375
0 0.0328125 0.675 0.065625 0.146875
0 0.75859375 0.74765625 0.1328125 0.1828125
0 0.053125 0.86953125 0.10625 0.1640625
0 0.265625 0.9109375 0.14375 0.178125