1 0.36640625 0.4015625 0.0421875 0.06875
1 0.31328125 0.40625 0.0453125 0.075
0 0.4046875 0.4375 0.034375 0.0375
0 0.24921875 0.44921875 0.0265625 0.0359375
0 0.34765625 0.45 0.0328125 0.04375
1 0.57734375 0.453125 0.0484375 0.08125
0 0.39453125 0.4703125 0.0328125 0.04375
1 0.26796875 0.47109375 0.0484375 0.0671875
1 0.20625 0.528125 0.065625 0.09375
1 0.378125 0.53515625 0.046875 0.0703125
0 0.27734375 0.55 0.0578125 0.071875
0 0.353125 0.62421875 0.065625 0.0890625
0 0.20546875 0.65625 0.0765625 0.08125
1 0.053125 0.675 0.10625 0.18125
1 0.8578125 0.696875 0.128125 0.1875
0 0.1671875 0.7734375 0.115625 0.125
0 0.29140625 0.809375 0.1140625 0.140625