1 0.3609375 0.40390625 0.046875 0.0671875
1 0.5375 0.41015625 0.0375 0.0578125
1 0.30078125 0.41953125 0.0390625 0.0640625
1 0.33828125 0.45078125 0.0453125 0.0734375
1 0.23515625 0.459375 0.0921875 0.128125
0 0.3984375 0.46171875 0.028125 0.0390625
0 0.38515625 0.50703125 0.0421875 0.0515625
0 0.35703125 0.56875 0.0578125 0.059375
1 0.12578125 0.58828125 0.2109375 0.2390625
0 0.3390625 0.63125 0.071875 0.090625
1 0.17109375 0.66171875 0.1796875 0.2890625
1 0.325 0.71640625 0.090625 0.1203125
0 0.29296875 0.83515625 0.1140625 0.1453125