1 0.5 0.36015625 0.025 0.0453125
1 0.35 0.37421875 0.03125 0.0484375
0 0.48046875 0.3890625 0.0171875 0.01875
1 0.36640625 0.40625 0.0296875 0.04375
0 0.4 0.4078125 0.025 0.01875
1 0.32109375 0.4140625 0.0328125 0.04375
0 0.3984375 0.42890625 0.028125 0.0296875
1 0.34921875 0.4359375 0.0359375 0.0625
0 0.30234375 0.44140625 0.0265625 0.0328125
0 0.403125 0.45 0.03125 0.034375
0 0.33125 0.465625 0.0375 0.053125
0 0.23046875 0.465625 0.0265625 0.034375
0 0.3921875 0.46875 0.034375 0.040625
0 0.275 0.48515625 0.0375 0.0421875
0 0.378125 0.49453125 0.0375 0.0515625
1 0.1640625 0.528125 0.134375 0.153125
0 0.28984375 0.53125 0.0484375 0.0625
0 0.36796875 0.53984375 0.0546875 0.0796875
0 0.24765625 0.615625 0.0703125 0.08125
0 0.7046875 0.65546875 0.090625 0.1109375
1 0.05546875 0.69296875 0.1109375 0.2734375
0 0.3203125 0.75390625 0.096875 0.1296875
0 0.11640625 0.83203125 0.1296875 0.1765625
0 0.2046875 0.98125 0.13125 0.0375