1 0.321875 0.41484375 0.034375 0.0421875
0 0.4921875 0.41796875 0.028125 0.0359375
0 0.36796875 0.41953125 0.0296875 0.0359375
1 0.40703125 0.43671875 0.0296875 0.0390625
1 0.5984375 0.4375 0.0375 0.05
0 0.346875 0.453125 0.03125 0.040625
1 0.575 0.465625 0.046875 0.06875
0 0.39765625 0.47421875 0.0359375 0.0484375
1 0.23828125 0.48125 0.0609375 0.0875
1 0.3046875 0.496875 0.059375 0.0875
0 0.3875 0.5171875 0.04375 0.05
1 0.18515625 0.52109375 0.0703125 0.0921875
0 0.52578125 0.521875 0.0453125 0.06875
1 0.109375 0.60078125 0.10625 0.1609375
1 0.2109375 0.615625 0.1 0.140625
0 0.328125 0.715625 0.084375 0.1125