1 0.315625 0.41875 0.034375 0.040625
0 0.36015625 0.42421875 0.0296875 0.0359375
1 0.40703125 0.43671875 0.0296875 0.0390625
0 0.3375 0.44921875 0.028125 0.0265625
0 0.3375 0.47421875 0.03125 0.0390625
0 0.39765625 0.47421875 0.0359375 0.0484375
1 0.22890625 0.490625 0.0640625 0.0875
1 0.29453125 0.5125 0.0671875 0.09375
0 0.3828125 0.528125 0.05 0.05625
1 0.16875 0.53515625 0.078125 0.0953125
1 0.08984375 0.621875 0.1171875 0.175
1 0.1828125 0.65 0.121875 0.1625
1 0.90859375 0.71328125 0.1828125 0.3015625
0 0.3203125 0.74453125 0.09375 0.1265625