1 0.35703125 0.415625 0.0484375 0.071875
1 0.30703125 0.42890625 0.0453125 0.0671875
0 0.39609375 0.453125 0.0390625 0.04375
1 0.31796875 0.45625 0.0734375 0.096875
1 0.25703125 0.46484375 0.0546875 0.0921875
0 0.51953125 0.4875 0.0390625 0.0625
0 0.38828125 0.4921875 0.0421875 0.05
0 0.3734375 0.53203125 0.05 0.0609375
1 0.2828125 0.5375 0.08125 0.10625
1 0.1453125 0.540625 0.15625 0.1875
0 0.34921875 0.5875 0.0578125 0.065625
0 0.5625 0.5953125 0.071875 0.09375
0 0.33125 0.646875 0.075 0.1
1 0.32734375 0.71796875 0.0859375 0.1265625
0 0.290625 0.840625 0.1125 0.15