1 0.3421875 0.41875 0.0625 0.0875
0 0.40078125 0.4390625 0.0296875 0.03125
0 0.39609375 0.46171875 0.0359375 0.0359375
0 0.5109375 0.475 0.040625 0.05
1 0.26484375 0.47578125 0.0546875 0.0765625
0 0.3875 0.478125 0.034375 0.046875
1 0.30546875 0.48515625 0.0640625 0.0828125
1 0.2140625 0.50703125 0.0625 0.0640625
0 0.37890625 0.52734375 0.0421875 0.0546875
1 0.1453125 0.56796875 0.1 0.1109375
0 0.35390625 0.60390625 0.0640625 0.0796875
1 0.19921875 0.625 0.1734375 0.228125
0 0.31171875 0.72265625 0.0921875 0.1046875
0 0.2390625 0.9234375 0.165625 0.153125