1 0.33125 0.409375 0.03125 0.0375
0 0.36796875 0.41328125 0.0296875 0.0359375
1 0.41171875 0.42265625 0.0296875 0.0328125
0 0.35390625 0.44375 0.0265625 0.034375
0 0.403125 0.453125 0.03125 0.040625
0 0.50859375 0.459375 0.0328125 0.04375
1 0.25625 0.46640625 0.05 0.0828125
1 0.31875 0.48203125 0.059375 0.0765625
1 0.646875 0.484375 0.05625 0.071875
0 0.39140625 0.49375 0.0390625 0.040625
1 0.2015625 0.503125 0.065625 0.084375
1 0.61953125 0.52734375 0.0640625 0.0953125
1 0.1453125 0.56640625 0.096875 0.1453125
1 0.2359375 0.575 0.084375 0.121875
0 0.34140625 0.66875 0.0734375 0.090625
0 0.59375 0.7046875 0.0875 0.1375
1 0.08984375 0.8203125 0.1796875 0.26875
0 0.2796875 0.90703125 0.14375 0.1859375