0 0.48984375 0.41875 0.0265625 0.034375
0 0.57734375 0.425 0.0359375 0.046875
0 0.33359375 0.46875 0.0359375 0.04375
0 0.3140625 0.5 0.0375 0.04375
0 0.37578125 0.50625 0.0453125 0.053125
0 0.534375 0.5078125 0.046875 0.06875
0 0.28984375 0.540625 0.0453125 0.06875
0 0.3734375 0.553125 0.040625 0.059375
1 0.2046875 0.58984375 0.1625 0.2203125
0 0.34921875 0.59765625 0.0546875 0.0578125
1 0.08359375 0.60703125 0.1671875 0.2015625
0 0.3296875 0.659375 0.08125 0.1125
0 0.29375 0.75859375 0.103125 0.1328125
0 0.634375 0.86328125 0.125 0.2390625