1 0.37265625 0.39375 0.0421875 0.065625
1 0.32421875 0.4 0.0453125 0.06875
0 0.40625 0.4296875 0.034375 0.0375
0 0.49296875 0.43125 0.0328125 0.040625
0 0.35546875 0.43828125 0.0328125 0.0390625
1 0.284375 0.45234375 0.04375 0.0671875
0 0.39453125 0.459375 0.0328125 0.040625
1 0.6125 0.50078125 0.065625 0.1140625
1 0.2296875 0.50625 0.059375 0.078125
1 0.38203125 0.51796875 0.0453125 0.0640625
0 0.2921875 0.5265625 0.053125 0.05625
0 0.3625 0.6 0.065625 0.08125
0 0.23359375 0.609375 0.0671875 0.065625
1 0.075 0.63203125 0.1375 0.1609375
0 0.2078125 0.69921875 0.090625 0.1015625
0 0.30859375 0.75859375 0.1015625 0.1171875