1 0.32734375 0.4125 0.0296875 0.05
1 0.59296875 0.415625 0.0421875 0.071875
0 0.4046875 0.42578125 0.028125 0.0265625
1 0.2859375 0.45 0.040625 0.059375
0 0.3390625 0.45625 0.03125 0.04375
1 0.39765625 0.465625 0.0296875 0.046875
0 0.30625 0.48671875 0.034375 0.0359375
0 0.3828125 0.51171875 0.0375 0.0484375
0 0.309375 0.521875 0.04375 0.05625
1 0.18828125 0.528125 0.0828125 0.1125
0 0.36015625 0.59921875 0.0609375 0.0734375
1 0.22421875 0.6125 0.1109375 0.14375
1 0.0984375 0.6125 0.1125 0.14375
0 0.76640625 0.73359375 0.1078125 0.1578125