1 0.3375 0.4046875 0.03125 0.0375
0 0.37265625 0.40546875 0.0296875 0.0359375
1 0.41171875 0.42109375 0.0296875 0.0328125
0 0.35703125 0.43125 0.0265625 0.034375
0 0.40625 0.44453125 0.03125 0.0390625
1 0.2625 0.46015625 0.05 0.0828125
1 0.3265625 0.47890625 0.05625 0.0671875
0 0.39375 0.48671875 0.040625 0.0484375
1 0.2109375 0.50078125 0.065625 0.0859375
0 0.5234375 0.503125 0.04375 0.059375
1 0.69296875 0.5375 0.0734375 0.075
1 0.25703125 0.54765625 0.0765625 0.1171875
1 0.1609375 0.55078125 0.096875 0.1359375
1 0.659375 0.58359375 0.084375 0.1296875
0 0.34921875 0.64609375 0.0734375 0.0921875
1 0.1359375 0.746875 0.1625 0.21875
0 0.2984375 0.8453125 0.134375 0.16875