1 0.3453125 0.421875 0.0625 0.0875
0 0.49921875 0.434375 0.0265625 0.040625
0 0.40078125 0.4390625 0.0296875 0.03125
1 0.275 0.45703125 0.046875 0.0609375
0 0.39609375 0.46171875 0.0359375 0.0359375
1 0.31171875 0.47265625 0.0640625 0.0828125
1 0.63828125 0.475 0.0546875 0.065625
0 0.3875 0.478125 0.034375 0.046875
1 0.225 0.48984375 0.046875 0.0578125
0 0.38046875 0.51796875 0.0359375 0.0484375
1 0.1671875 0.54765625 0.08125 0.1078125
0 0.5484375 0.56875 0.065625 0.0875
0 0.36328125 0.58125 0.0609375 0.075
1 0.2203125 0.596875 0.153125 0.20625
1 0.05625 0.66796875 0.1125 0.1765625
0 0.31796875 0.69140625 0.0796875 0.0953125
0 0.2609375 0.871875 0.134375 0.171875