1 0.3078125 0.41875 0.046875 0.06875
1 0.26875 0.453125 0.06875 0.10625
1 0.615625 0.453125 0.040625 0.078125
0 0.396875 0.45859375 0.034375 0.0578125
0 0.34140625 0.4609375 0.0328125 0.0625
1 0.57890625 0.46796875 0.0515625 0.0984375
0 0.38359375 0.49453125 0.0390625 0.0609375
0 0.32109375 0.496875 0.0359375 0.0625
0 0.378125 0.50859375 0.040625 0.0578125
1 0.23984375 0.546875 0.1328125 0.18125
0 0.375 0.55078125 0.05 0.0765625
0 0.3515625 0.60390625 0.0625 0.0828125
0 0.3296875 0.6625 0.090625 0.125
0 0.28984375 0.75546875 0.1109375 0.1359375
1 0.1171875 0.75859375 0.234375 0.4296875
0 0.2609375 0.9171875 0.134375 0.165625