1 0.28984375 0.43671875 0.0515625 0.0734375
1 0.334375 0.44453125 0.0625 0.0984375
0 0.57265625 0.46484375 0.0421875 0.0671875
1 0.2515625 0.4671875 0.059375 0.0625
0 0.38828125 0.471875 0.0390625 0.04375
0 0.5125 0.47265625 0.03125 0.0546875
0 0.38359375 0.50234375 0.0421875 0.0421875
1 0.19609375 0.51875 0.0828125 0.10625
1 0.27578125 0.51953125 0.0984375 0.1359375
0 0.3734375 0.540625 0.05 0.059375
0 0.35234375 0.58671875 0.0640625 0.0640625
1 0.81015625 0.621875 0.1140625 0.146875
0 0.33125 0.6484375 0.075 0.1
1 0.17421875 0.66875 0.1515625 0.2
1 0.0515625 0.690625 0.103125 0.328125
1 0.3234375 0.7265625 0.09375 0.13125
1 0.8375 0.7796875 0.296875 0.440625
0 0.62578125 0.81171875 0.1265625 0.2109375
0 0.284375 0.87265625 0.121875 0.1671875