1 0.2671875 0.45 0.065625 0.090625
0 0.32890625 0.478125 0.0359375 0.046875
1 0.196875 0.50234375 0.115625 0.1203125
0 0.37421875 0.5125 0.0453125 0.0625
0 0.3 0.51328125 0.04375 0.0515625
0 0.37265625 0.55859375 0.0515625 0.0703125
0 0.27421875 0.5625 0.0609375 0.084375
0 0.3421875 0.61640625 0.0625 0.0828125
1 0.73203125 0.65390625 0.2171875 0.3453125
1 0.12265625 0.6875 0.2390625 0.309375
0 0.30859375 0.725 0.1046875 0.153125
0 0.928125 0.76015625 0.125 0.1671875
0 0.25 0.89609375 0.14375 0.1796875