1 0.37421875 0.39375 0.0328125 0.053125
0 0.41484375 0.403125 0.0328125 0.03125
0 0.48828125 0.4078125 0.0265625 0.03125
0 0.3640625 0.41953125 0.034375 0.0484375
1 0.54765625 0.421875 0.0484375 0.078125
0 0.40546875 0.42421875 0.0328125 0.0359375
1 0.3109375 0.434375 0.040625 0.046875
0 0.59296875 0.43671875 0.0296875 0.0390625
0 0.3421875 0.453125 0.040625 0.04375
0 0.4046875 0.45625 0.04375 0.046875
0 0.25546875 0.475 0.0484375 0.05
0 0.50703125 0.475 0.0453125 0.0625
1 0.64296875 0.478125 0.0640625 0.090625
0 0.325 0.48671875 0.053125 0.0515625
0 0.5796875 0.49609375 0.046875 0.0671875
0 0.38359375 0.509375 0.0484375 0.05
0 0.3078125 0.51875 0.053125 0.065625
1 0.15078125 0.54375 0.1296875 0.165625
0 0.37578125 0.553125 0.0578125 0.06875
1 0.24765625 0.559375 0.1015625 0.13125
0 0.384375 0.59609375 0.075 0.0953125
0 0.54375 0.61640625 0.065625 0.1046875
1 0.196875 0.634375 0.11875 0.15625
0 0.83203125 0.6703125 0.1265625 0.14375
1 0.03984375 0.671875 0.0796875 0.190625
0 0.3078125 0.68515625 0.096875 0.1046875
1 0.8140625 0.79453125 0.196875 0.2765625
0 0.28984375 0.809375 0.1046875 0.13125
1 0.096875 0.82578125 0.19375 0.3484375
0 0.65703125 0.86875 0.1484375 0.228125
0 0.2328125 0.934375 0.1625 0.13125