1 0.31328125 0.41328125 0.0328125 0.0390625
1 0.59609375 0.425 0.0546875 0.09375
1 0.35078125 0.425 0.0390625 0.053125
1 0.27421875 0.45 0.0453125 0.084375
1 0.3265625 0.46875 0.05 0.071875
0 0.39296875 0.48359375 0.0421875 0.0453125
1 0.1640625 0.5359375 0.128125 0.1625
0 0.3765625 0.5375 0.05625 0.065625
1 0.6265625 0.5375 0.109375 0.146875
1 0.73515625 0.546875 0.0890625 0.1375
0 0.29140625 0.5625 0.0546875 0.065625
0 0.56640625 0.66015625 0.0796875 0.1328125
0 0.328125 0.70859375 0.1 0.1171875
0 0.8796875 0.740625 0.115625 0.15625
1 0.1 0.8125 0.2 0.375
0 0.25 0.9453125 0.146875 0.109375