1 0.5859375 0.46484375 0.08125 0.1171875
1 0.26484375 0.465625 0.0515625 0.071875
1 0.32109375 0.46796875 0.0671875 0.1015625
0 0.38828125 0.471875 0.0390625 0.04375
0 0.5078125 0.48046875 0.040625 0.0515625
1 0.2109375 0.50234375 0.065625 0.0671875
0 0.38359375 0.50234375 0.0421875 0.0421875
0 0.3703125 0.54453125 0.05 0.0609375
1 0.23515625 0.58125 0.1234375 0.18125
1 0.11953125 0.5875 0.0953125 0.153125
0 0.35078125 0.596875 0.0640625 0.065625
0 0.33125 0.6546875 0.075 0.1
1 0.671875 0.65625 0.196875 0.303125
1 0.3140625 0.75703125 0.103125 0.1484375
1 0.08046875 0.8484375 0.1609375 0.303125