1 0.603125 0.42734375 0.05625 0.0953125
1 0.28125 0.4421875 0.04375 0.075
1 0.33046875 0.4625 0.0421875 0.075
0 0.3953125 0.478125 0.034375 0.04375
1 0.17421875 0.53046875 0.1234375 0.1640625
0 0.37734375 0.534375 0.0515625 0.06875
0 0.2953125 0.553125 0.05625 0.065625
1 0.64765625 0.56640625 0.1390625 0.1921875
1 0.784375 0.5796875 0.109375 0.1625
0 0.33671875 0.69140625 0.0859375 0.1203125
0 0.61640625 0.803125 0.1171875 0.2
1 0.10859375 0.81015625 0.2171875 0.3796875
0 0.95859375 0.85 0.0828125 0.209375
0 0.25625 0.915625 0.134375 0.16875