1 0.4859375 0.33984375 0.015625 0.0296875
0 0.46640625 0.35078125 0.0109375 0.0140625
1 0.3390625 0.3875 0.034375 0.05625
1 0.36484375 0.40625 0.0296875 0.04375
0 0.4 0.4078125 0.025 0.01875
0 0.3984375 0.42890625 0.028125 0.0296875
1 0.29921875 0.43671875 0.0421875 0.0609375
1 0.34375 0.44375 0.04375 0.071875
0 0.4 0.45234375 0.03125 0.0328125
0 0.24140625 0.459375 0.0328125 0.034375
0 0.3921875 0.47109375 0.034375 0.0421875
0 0.2625 0.48203125 0.0375 0.0390625
0 0.3171875 0.4875 0.040625 0.053125
0 0.37734375 0.5 0.0421875 0.05625
0 0.28359375 0.53671875 0.0453125 0.0609375
0 0.2484375 0.596875 0.065625 0.08125
0 0.33671875 0.634375 0.0765625 0.115625
1 0.075 0.6375 0.15 0.24375
0 0.1640625 0.753125 0.109375 0.121875