0 0.31015625 0.43671875 0.0296875 0.0390625
1 0.55390625 0.44296875 0.0359375 0.0515625
0 0.34765625 0.44609375 0.0328125 0.0453125
0 0.39375 0.45625 0.0375 0.04375
1 0.2765625 0.46171875 0.046875 0.0515625
0 0.32734375 0.47265625 0.0421875 0.0453125
0 0.3953125 0.4921875 0.040625 0.05
0 0.315625 0.503125 0.0375 0.04375
0 0.209375 0.52734375 0.04375 0.0546875
0 0.3046875 0.53125 0.040625 0.065625
0 0.37734375 0.534375 0.0484375 0.065625
0 0.5375 0.546875 0.053125 0.065625
1 0.24609375 0.5625 0.0921875 0.125
0 0.3734375 0.5703125 0.046875 0.05625
1 0.096875 0.57734375 0.153125 0.1703125
0 0.38359375 0.61328125 0.0640625 0.0859375
1 0.19609375 0.640625 0.1171875 0.159375
1 0.71640625 0.65078125 0.1078125 0.2015625
0 0.57109375 0.65390625 0.0796875 0.1203125
1 0.03515625 0.684375 0.0703125 0.1875
0 0.309375 0.69375 0.096875 0.10625
0 0.29375 0.809375 0.1 0.125
1 0.09140625 0.82890625 0.1828125 0.3421875
0 0.228125 0.94140625 0.15 0.1171875