0 0.36953125 0.415625 0.0296875 0.03125
1 0.309375 0.43203125 0.034375 0.0515625
0 0.40234375 0.43828125 0.0328125 0.0390625
0 0.565625 0.46796875 0.040625 0.0515625
1 0.2578125 0.48046875 0.046875 0.0734375
0 0.31640625 0.48671875 0.0421875 0.0515625
1 0.3890625 0.49296875 0.040625 0.0515625
0 0.27734375 0.53203125 0.0390625 0.0390625
0 0.3734375 0.55 0.05 0.065625
1 0.14609375 0.565625 0.0984375 0.115625
0 0.28046875 0.578125 0.0609375 0.06875
0 0.33984375 0.65859375 0.0796875 0.0921875
0 0.5734375 0.66328125 0.08125 0.1109375
1 0.0453125 0.69140625 0.090625 0.1671875
1 0.13671875 0.73828125 0.1671875 0.2015625