1 0.37265625 0.39375 0.0421875 0.065625
1 0.32734375 0.4 0.0453125 0.06875
0 0.5234375 0.409375 0.028125 0.034375
0 0.40625 0.4296875 0.034375 0.0375
0 0.36171875 0.43203125 0.0328125 0.0390625
1 0.290625 0.446875 0.04375 0.059375
0 0.39453125 0.459375 0.0328125 0.040625
0 0.50546875 0.47265625 0.0390625 0.0578125
1 0.24375 0.49296875 0.05625 0.0734375
0 0.30234375 0.509375 0.0453125 0.053125
1 0.38515625 0.5125 0.0421875 0.0625
0 0.253125 0.575 0.053125 0.059375
0 0.36640625 0.57734375 0.0515625 0.0703125
1 0.68046875 0.5890625 0.0984375 0.16875
1 0.10078125 0.60625 0.1171875 0.14375
0 0.23984375 0.646875 0.0734375 0.08125
0 0.31875 0.715625 0.0875 0.10625