1 0.35234375 0.42421875 0.0578125 0.0765625
1 0.30703125 0.42890625 0.0453125 0.0671875
0 0.51875 0.465625 0.034375 0.05625
1 0.31015625 0.471875 0.0859375 0.115625
0 0.38828125 0.471875 0.0390625 0.04375
1 0.23984375 0.48046875 0.0609375 0.0984375
0 0.38359375 0.50234375 0.0421875 0.0421875
0 0.3734375 0.540625 0.05 0.059375
1 0.25703125 0.57109375 0.0984375 0.1171875
1 0.09296875 0.58515625 0.1859375 0.2328125
0 0.35234375 0.58671875 0.0640625 0.0640625
0 0.5703125 0.64375 0.08125 0.128125
0 0.33125 0.6484375 0.075 0.1
0 0.7515625 0.71640625 0.10625 0.1796875
1 0.32890625 0.71796875 0.0859375 0.1265625
0 0.290625 0.840625 0.1125 0.15