1 0.325 0.4125 0.034375 0.040625
0 0.36796875 0.41328125 0.0296875 0.0359375
0 0.41015625 0.428125 0.0296875 0.040625
0 0.49765625 0.44375 0.0328125 0.04375
0 0.346875 0.453125 0.03125 0.040625
1 0.62265625 0.46484375 0.0515625 0.0546875
0 0.39765625 0.47421875 0.0359375 0.0484375
1 0.24296875 0.4796875 0.0609375 0.0875
1 0.3078125 0.4921875 0.059375 0.0875
1 0.59609375 0.5 0.0546875 0.078125
0 0.3875 0.5171875 0.04375 0.05
1 0.18984375 0.51875 0.0703125 0.090625
1 0.128125 0.58828125 0.10625 0.1609375
1 0.2234375 0.596875 0.090625 0.128125
0 0.55625 0.60625 0.0625 0.096875
0 0.33671875 0.6875 0.0796875 0.1
1 0.0796875 0.8609375 0.159375 0.278125