1 0.334375 0.44375 0.05625 0.0625
0 0.38828125 0.471875 0.0390625 0.04375
1 0.67421875 0.48046875 0.0953125 0.1015625
1 0.2359375 0.49140625 0.059375 0.0921875
0 0.38359375 0.50234375 0.0421875 0.0421875
1 0.29296875 0.50625 0.0890625 0.13125
1 0.16953125 0.53125 0.0859375 0.078125
0 0.3703125 0.54453125 0.05 0.0609375
0 0.534375 0.55 0.053125 0.078125
1 0.7015625 0.58359375 0.153125 0.2078125
0 0.34921875 0.60078125 0.0640625 0.0640625
0 0.32421875 0.671875 0.0859375 0.10625
1 0.04609375 0.675 0.0921875 0.21875
1 0.1390625 0.7125 0.228125 0.3125
0 0.625 0.76328125 0.1 0.1640625
1 0.9015625 0.8578125 0.196875 0.284375
1 0.27578125 0.8875 0.1296875 0.19375