1 0.56328125 0.434375 0.0640625 0.115625
0 0.2875 0.4375 0.028125 0.040625
1 0.6203125 0.45234375 0.053125 0.0953125
0 0.3390625 0.45625 0.03125 0.040625
0 0.50390625 0.46328125 0.0328125 0.0484375
1 0.24375 0.48125 0.078125 0.121875
0 0.32265625 0.4875 0.0421875 0.05625
0 0.37421875 0.51328125 0.0453125 0.0640625
0 0.54375 0.52578125 0.046875 0.0734375
0 0.2921875 0.53671875 0.05 0.0609375
1 0.15546875 0.54375 0.1515625 0.171875
0 0.3671875 0.57734375 0.05625 0.0796875
0 0.25859375 0.59140625 0.0671875 0.0921875
0 0.33125 0.659375 0.078125 0.09375
0 0.60390625 0.728125 0.0921875 0.15
0 0.26328125 0.87421875 0.1390625 0.2015625