0 0.4703125 0.35859375 0.015625 0.0203125
0 0.4953125 0.36171875 0.015625 0.0234375
1 0.3328125 0.3875 0.05 0.065625
0 0.48984375 0.4046875 0.0265625 0.0375
0 0.425 0.40546875 0.025 0.0265625
1 0.36875 0.40625 0.03125 0.05
0 0.4046875 0.41484375 0.028125 0.0328125
1 0.3 0.42109375 0.065625 0.0921875
1 0.35390625 0.428125 0.0359375 0.05
0 0.396875 0.43359375 0.028125 0.0421875
0 0.26015625 0.44453125 0.0328125 0.0390625
0 0.3484375 0.4484375 0.03125 0.0375
0 0.21796875 0.465625 0.0515625 0.04375
0 0.39609375 0.46875 0.0359375 0.040625
1 0.32265625 0.478125 0.0578125 0.096875
0 0.528125 0.49296875 0.05 0.0640625
0 0.38046875 0.51484375 0.0515625 0.0671875
0 0.196875 0.52578125 0.053125 0.0734375
0 0.25546875 0.5703125 0.0671875 0.09375
1 0.11328125 0.59921875 0.1234375 0.1515625
0 0.33671875 0.6 0.0734375 0.096875
0 0.5671875 0.61796875 0.078125 0.1109375
0 0.89921875 0.74375 0.1296875 0.15
0 0.1109375 0.81796875 0.134375 0.1734375
0 0.24375 0.93828125 0.153125 0.1234375