1 0.29609375 0.43203125 0.0515625 0.0734375
1 0.334375 0.44140625 0.0625 0.0921875
0 0.49765625 0.446875 0.0359375 0.040625
1 0.2546875 0.4609375 0.059375 0.0625
0 0.38828125 0.471875 0.0390625 0.04375
0 0.5921875 0.49296875 0.046875 0.0734375
0 0.38359375 0.50234375 0.0421875 0.0421875
1 0.28515625 0.50390625 0.0921875 0.1328125
1 0.1984375 0.51484375 0.071875 0.1078125
0 0.525 0.51875 0.046875 0.0625
0 0.3734375 0.540625 0.05 0.059375
0 0.35234375 0.58671875 0.0640625 0.0640625
1 0.196875 0.6421875 0.140625 0.1875
0 0.33125 0.6484375 0.075 0.1
1 0.05859375 0.67734375 0.1171875 0.3296875
1 0.9265625 0.71171875 0.146875 0.1609375
0 0.3296875 0.7265625 0.09375 0.13125
1 0.87890625 0.8421875 0.2421875 0.315625
0 0.29140625 0.8625 0.1265625 0.15625