1 0.26953125 0.45078125 0.0515625 0.0734375
1 0.3234375 0.46171875 0.06875 0.0984375
0 0.38828125 0.471875 0.0390625 0.04375
1 0.22734375 0.47734375 0.0671875 0.0671875
1 0.60859375 0.49921875 0.0859375 0.1484375
0 0.38359375 0.50234375 0.0421875 0.0421875
0 0.51953125 0.525 0.0515625 0.06875
0 0.3703125 0.54453125 0.05 0.0609375
1 0.24453125 0.5625 0.1265625 0.171875
1 0.14453125 0.5671875 0.0921875 0.1375
0 0.35078125 0.596875 0.0640625 0.065625
0 0.03359375 0.64375 0.0671875 0.0875
0 0.33125 0.6484375 0.075 0.1
0 0.315625 0.74375 0.09375 0.13125
1 0.82109375 0.8015625 0.3578125 0.396875
1 0.09453125 0.8203125 0.1890625 0.31875
0 0.253125 0.93203125 0.15625 0.1359375