1 0.26640625 0.45 0.0734375 0.109375
0 0.3875 0.4625 0.034375 0.04375
0 0.33671875 0.46875 0.0328125 0.040625
1 0.57578125 0.478125 0.0515625 0.08125
0 0.18828125 0.5 0.0546875 0.053125
0 0.51015625 0.51484375 0.0453125 0.0546875
1 0.28984375 0.52109375 0.0828125 0.1203125
0 0.203125 0.534375 0.053125 0.05625
0 0.3796875 0.54140625 0.046875 0.0546875
1 0.690625 0.60546875 0.175 0.2515625
0 0.3296875 0.65 0.075 0.103125
0 0.08046875 0.65390625 0.0953125 0.1171875
0 0.1640625 0.7109375 0.10625 0.1375
0 0.89140625 0.7125 0.1484375 0.15