1 0.29609375 0.4234375 0.0609375 0.0875
0 0.39140625 0.4421875 0.0265625 0.0375
0 0.51171875 0.453125 0.0328125 0.04375
0 0.34609375 0.45390625 0.0328125 0.0421875
0 0.23984375 0.4625 0.0359375 0.040625
0 0.396875 0.475 0.0375 0.04375
0 0.20390625 0.484375 0.0484375 0.05
1 0.3171875 0.4875 0.071875 0.1
0 0.3734375 0.528125 0.05 0.0625
0 0.5359375 0.5375 0.05 0.078125
0 0.18515625 0.54921875 0.0578125 0.0765625
0 0.2484375 0.59609375 0.071875 0.0953125
0 0.7640625 0.6125 0.08125 0.090625
0 0.31171875 0.63125 0.0859375 0.09375
1 0.0890625 0.63203125 0.134375 0.1609375
0 0.76328125 0.76171875 0.1296875 0.1484375
0 0.628125 0.81640625 0.10625 0.1921875
0 0.0734375 0.89765625 0.146875 0.1703125