1 0.32890625 0.409375 0.0296875 0.05
0 0.40625 0.421875 0.028125 0.028125
1 0.60859375 0.42734375 0.0515625 0.0796875
1 0.2859375 0.44609375 0.040625 0.0578125
0 0.3390625 0.45625 0.03125 0.04375
1 0.39765625 0.465625 0.0296875 0.046875
0 0.30625 0.48671875 0.034375 0.0359375
0 0.390625 0.50546875 0.0375 0.0484375
0 0.309375 0.51875 0.04375 0.05625
1 0.19296875 0.5234375 0.0828125 0.1125
0 0.36640625 0.5875 0.0640625 0.071875
1 0.23828125 0.59453125 0.1078125 0.1359375
1 0.10234375 0.60625 0.1046875 0.14375
0 0.9125 0.90625 0.175 0.1875