1 0.33046875 0.4046875 0.0296875 0.05
0 0.40625 0.421875 0.028125 0.028125
1 0.296875 0.43984375 0.040625 0.0578125
0 0.3484375 0.440625 0.03125 0.04375
1 0.6359375 0.45 0.0625 0.096875
0 0.40390625 0.45546875 0.0296875 0.0484375
0 0.3203125 0.471875 0.034375 0.034375
0 0.32109375 0.4984375 0.0421875 0.05
0 0.390625 0.50546875 0.0375 0.0484375
1 0.20390625 0.509375 0.0765625 0.1
1 0.2546875 0.56484375 0.09375 0.1203125
0 0.3734375 0.56640625 0.059375 0.0671875
1 0.1265625 0.57890625 0.0875 0.1203125
0 0.28359375 0.890625 0.1234375 0.16875