1 0.3578125 0.365625 0.028125 0.040625
1 0.50859375 0.3828125 0.0203125 0.03125
0 0.4796875 0.39375 0.01875 0.025
0 0.41640625 0.39921875 0.0203125 0.0234375
1 0.3765625 0.4 0.025 0.0375
1 0.3171875 0.40859375 0.034375 0.0578125
1 0.53125 0.409375 0.028125 0.040625
0 0.4078125 0.41328125 0.021875 0.0234375
1 0.3578125 0.415625 0.034375 0.053125
0 0.40390625 0.43359375 0.0265625 0.0328125
0 0.29921875 0.446875 0.0296875 0.040625
0 0.3421875 0.453125 0.03125 0.04375
0 0.50625 0.459375 0.03125 0.0375
0 0.3921875 0.46328125 0.0375 0.0390625
1 0.2609375 0.47421875 0.046875 0.0515625
0 0.3265625 0.47578125 0.040625 0.0390625
1 0.60078125 0.48359375 0.0546875 0.1046875
0 0.39609375 0.496875 0.0421875 0.040625
0 0.5265625 0.5 0.046875 0.0625
0 0.31484375 0.50625 0.0359375 0.0375
1 0.3046875 0.53125 0.040625 0.065625
0 0.37734375 0.5390625 0.0484375 0.05625
0 0.18984375 0.54375 0.0328125 0.04375
1 0.24609375 0.5625 0.0921875 0.125
1 0.0953125 0.57734375 0.153125 0.1703125
0 0.38359375 0.61328125 0.0640625 0.0859375
1 0.19609375 0.640625 0.1171875 0.159375
0 0.56484375 0.65390625 0.0765625 0.1203125
1 0.03515625 0.684375 0.0703125 0.1875
0 0.3125 0.69140625 0.090625 0.1046875
1 0.7546875 0.71953125 0.125 0.2265625
1 0.9078125 0.78203125 0.184375 0.4140625
0 0.29375 0.809375 0.1 0.125
1 0.09140625 0.82890625 0.1828125 0.3421875
0 0.228125 0.94140625 0.15 0.1171875