1 0.2578125 0.46875 0.053125 0.0875
0 0.38828125 0.471875 0.0390625 0.04375
1 0.31328125 0.48203125 0.0765625 0.1109375
1 0.2109375 0.50234375 0.065625 0.0671875
0 0.38359375 0.50234375 0.0421875 0.0421875
1 0.59140625 0.54375 0.1265625 0.19375
0 0.3703125 0.54453125 0.05 0.0609375
1 0.1078125 0.59296875 0.10625 0.1640625
0 0.35078125 0.596875 0.0640625 0.065625
1 0.21796875 0.60546875 0.1453125 0.2015625
0 0.33125 0.6546875 0.075 0.1
0 0.6046875 0.73359375 0.109375 0.1671875
1 0.9015625 0.74140625 0.196875 0.3453125
0 0.309375 0.77421875 0.103125 0.1484375