0 0.490625 0.42265625 0.03125 0.0328125
1 0.584375 0.425 0.040625 0.065625
0 0.35625 0.42734375 0.03125 0.0421875
0 0.40390625 0.43671875 0.0328125 0.0359375
0 0.54765625 0.43671875 0.0359375 0.0390625
1 0.2984375 0.440625 0.040625 0.046875
0 0.3390625 0.45703125 0.0375 0.0390625
0 0.4015625 0.471875 0.0375 0.04375
0 0.503125 0.48046875 0.034375 0.0484375
0 0.3203125 0.49375 0.0375 0.04375
0 0.23828125 0.496875 0.0484375 0.05
0 0.64296875 0.5 0.0546875 0.0625
0 0.38046875 0.51328125 0.0453125 0.0484375
0 0.303125 0.525 0.053125 0.065625
0 0.53984375 0.54765625 0.0546875 0.0796875
0 0.37421875 0.56171875 0.0484375 0.0609375
1 0.125 0.56484375 0.14375 0.1921875
1 0.63984375 0.56796875 0.0734375 0.1015625
1 0.25078125 0.5703125 0.1015625 0.13125
0 0.38203125 0.60703125 0.0640625 0.0890625
1 0.1953125 0.640625 0.11875 0.15625
1 0.03984375 0.671875 0.0796875 0.190625
0 0.309375 0.68984375 0.096875 0.1046875
0 0.28984375 0.809375 0.1046875 0.13125
1 0.096875 0.82578125 0.19375 0.3484375
0 0.228125 0.940625 0.153125 0.11875