1 0.328125 0.4 0.034375 0.059375
1 0.3625 0.4125 0.0375 0.053125
1 0.28203125 0.428125 0.0703125 0.1
0 0.40625 0.43828125 0.028125 0.0390625
0 0.396875 0.475 0.0375 0.040625
1 0.21171875 0.5 0.1109375 0.1625
1 0.28203125 0.50546875 0.0953125 0.1640625
0 0.36796875 0.5375 0.0515625 0.053125
0 0.13671875 0.54609375 0.0578125 0.0578125
0 0.34921875 0.5953125 0.0640625 0.08125
1 0.07109375 0.66875 0.1390625 0.171875
0 0.3296875 0.70625 0.0875 0.125
0 0.1671875 0.74296875 0.115625 0.1265625
0 0.29453125 0.83515625 0.1140625 0.1453125