1 0.33828125 0.3984375 0.0265625 0.0375
1 0.30546875 0.43125 0.0359375 0.046875
0 0.35234375 0.43671875 0.0296875 0.0359375
0 0.3296875 0.45078125 0.028125 0.0265625
1 0.40234375 0.45078125 0.0296875 0.0390625
0 0.390625 0.48671875 0.0375 0.0484375
0 0.32578125 0.48984375 0.0359375 0.0421875
1 0.2171875 0.5 0.065625 0.096875
1 0.69921875 0.50390625 0.0921875 0.1421875
1 0.275 0.54140625 0.071875 0.1078125
0 0.3765625 0.55078125 0.05 0.0609375
1 0.15234375 0.55234375 0.0921875 0.1046875
1 0.12265625 0.7421875 0.1609375 0.2125
0 0.303125 0.82265625 0.109375 0.1421875