1 0.4859375 0.33984375 0.015625 0.0296875
0 0.46484375 0.346875 0.0109375 0.015625
1 0.3390625 0.3875 0.034375 0.05625
1 0.36328125 0.4078125 0.0296875 0.04375
0 0.4 0.4078125 0.025 0.01875
0 0.3984375 0.42890625 0.028125 0.0296875
1 0.29765625 0.43515625 0.0484375 0.0671875
1 0.34375 0.44375 0.04375 0.071875
0 0.4 0.45234375 0.03125 0.0328125
0 0.3921875 0.47109375 0.034375 0.0421875
0 0.21796875 0.47578125 0.0390625 0.0359375
0 0.3171875 0.4875 0.040625 0.053125
0 0.2546875 0.4921875 0.040625 0.05
0 0.37734375 0.503125 0.0421875 0.05625
0 0.2828125 0.546875 0.05 0.0625
0 0.240625 0.61171875 0.071875 0.0859375
1 0.065625 0.66640625 0.13125 0.2546875
0 0.32265625 0.671875 0.0828125 0.121875
1 0.86640625 0.80078125 0.1984375 0.3515625
0 0.128125 0.8109375 0.128125 0.1375