0 0.5171875 0.3875 0.021875 0.0375
0 0.48125 0.39140625 0.025 0.0328125
1 0.33046875 0.40703125 0.0265625 0.0359375
0 0.528125 0.40859375 0.028125 0.0328125
0 0.365625 0.421875 0.01875 0.03125
0 0.41015625 0.43203125 0.0203125 0.0265625
0 0.5046875 0.43828125 0.0375 0.0515625
0 0.2796875 0.44609375 0.028125 0.0421875
0 0.34375 0.45625 0.025 0.046875
0 0.625 0.4703125 0.040625 0.05625
0 0.39609375 0.48046875 0.0234375 0.0484375
0 0.325 0.4890625 0.0375 0.05625
0 0.37890625 0.51484375 0.0265625 0.0453125
1 0.1890625 0.51796875 0.115625 0.1609375
1 0.284375 0.52265625 0.071875 0.1046875
0 0.3921875 0.559375 0.05 0.075
0 0.546875 0.578125 0.0625 0.096875
0 0.67265625 0.59765625 0.0609375 0.0953125
0 0.815625 0.63515625 0.059375 0.0828125
1 0.2 0.6375 0.125 0.16875
0 0.328125 0.65234375 0.06875 0.1078125
1 0.0609375 0.665625 0.115625 0.25625
0 0.29296875 0.80078125 0.1015625 0.1265625
1 0.915625 0.8234375 0.16875 0.353125
1 0.09140625 0.828125 0.1828125 0.34375
0 0.22890625 0.93125 0.1046875 0.1125