1 0.28046875 0.446875 0.0515625 0.071875
1 0.328125 0.453125 0.06875 0.096875
1 0.2328125 0.46875 0.059375 0.0625
0 0.38828125 0.471875 0.0390625 0.04375
1 0.6671875 0.49375 0.0625 0.084375
0 0.38359375 0.50234375 0.0421875 0.0421875
0 0.5359375 0.53984375 0.059375 0.0796875
0 0.3734375 0.540625 0.05 0.059375
1 0.259375 0.546875 0.115625 0.165625
1 0.16171875 0.553125 0.0828125 0.134375
1 0.659375 0.5671875 0.14375 0.2
0 0.09921875 0.56875 0.0609375 0.06875
0 0.35234375 0.58671875 0.0640625 0.0640625
0 0.55390625 0.64375 0.0796875 0.115625
0 0.33125 0.6484375 0.075 0.1
0 0.31875 0.73125 0.09375 0.13125
1 0.128125 0.74765625 0.1875 0.2578125
0 0.26875 0.9125 0.1375 0.175