1 0.5546875 0.390625 0.025 0.05
1 0.53203125 0.403125 0.0328125 0.059375
0 0.3921875 0.4046875 0.01875 0.0375
1 0.30859375 0.41171875 0.0546875 0.0734375
1 0.36328125 0.4125 0.0328125 0.059375
0 0.409375 0.41875 0.028125 0.034375
1 0.27109375 0.44375 0.0640625 0.090625
0 0.4984375 0.44375 0.034375 0.065625
0 0.396875 0.453125 0.034375 0.040625
0 0.3421875 0.46015625 0.0375 0.0453125
0 0.31796875 0.4953125 0.0359375 0.05625
0 0.38359375 0.5 0.0453125 0.04375
0 0.3 0.534375 0.0375 0.0875
0 0.375 0.54609375 0.04375 0.0671875
1 0.134375 0.54609375 0.10625 0.1421875
1 0.21875 0.571875 0.14375 0.2
0 0.72890625 0.58046875 0.0671875 0.0859375
0 0.34921875 0.590625 0.0640625 0.05625
0 0.56484375 0.61328125 0.0890625 0.1234375
0 0.3328125 0.653125 0.075 0.1
0 0.29921875 0.73828125 0.1046875 0.0859375
1 0.09921875 0.79375 0.1984375 0.4125