1 0.321875 0.396875 0.05 0.078125
0 0.40859375 0.43125 0.0296875 0.034375
1 0.3375 0.43515625 0.0625 0.0953125
1 0.27890625 0.43671875 0.0703125 0.1109375
0 0.5015625 0.4515625 0.034375 0.04375
0 0.39375 0.46875 0.034375 0.046875
0 0.309375 0.503125 0.05 0.05625
0 0.52890625 0.503125 0.0421875 0.059375
1 0.21953125 0.51875 0.0640625 0.090625
0 0.375 0.52734375 0.05 0.0578125
1 0.6328125 0.52734375 0.090625 0.1703125
0 0.15234375 0.534375 0.0546875 0.053125
0 0.546875 0.57578125 0.059375 0.0984375
1 0.359375 0.59921875 0.0625 0.0890625
1 0.1203125 0.628125 0.11875 0.13125
0 0.1796875 0.71796875 0.103125 0.1140625
0 0.328125 0.71953125 0.090625 0.1140625
0 0.65 0.91015625 0.125 0.1796875