0 0.36640625 0.425 0.0265625 0.03125
0 0.55390625 0.42578125 0.0296875 0.0359375
0 0.4078125 0.42734375 0.025 0.0296875
0 0.49765625 0.42890625 0.0296875 0.0421875
0 0.346875 0.45703125 0.025 0.0484375
0 0.39921875 0.459375 0.0328125 0.034375
1 0.31484375 0.47265625 0.0578125 0.0953125
1 0.22734375 0.484375 0.0859375 0.13125
0 0.39921875 0.48984375 0.0359375 0.0546875
0 0.59296875 0.49375 0.0484375 0.075
0 0.653125 0.5 0.05 0.0625
1 0.25859375 0.55703125 0.0703125 0.1234375
0 0.3421875 0.590625 0.06875 0.078125
1 0.0859375 0.6046875 0.171875 0.2125
0 0.553125 0.61875 0.075 0.109375
0 0.66796875 0.62890625 0.0734375 0.0921875
0 0.3359375 0.66796875 0.078125 0.1109375
1 0.09921875 0.80390625 0.1984375 0.3171875
0 0.25625 0.8890625 0.13125 0.18125