1 0.29375 0.42578125 0.04375 0.0515625
1 0.3375 0.446875 0.040625 0.0625
1 0.63828125 0.45390625 0.0484375 0.0796875
1 0.25625 0.46953125 0.05625 0.1015625
0 0.50234375 0.471875 0.0421875 0.05625
1 0.5796875 0.47421875 0.075 0.0984375
1 0.303125 0.49921875 0.059375 0.0890625
0 0.3859375 0.50625 0.040625 0.059375
0 0.6953125 0.540625 0.053125 0.06875
0 0.3640625 0.584375 0.065625 0.078125
1 0.10390625 0.59296875 0.1640625 0.1890625
0 0.5703125 0.61875 0.06875 0.1
0 0.25078125 0.63515625 0.0703125 0.0796875
0 0.30078125 0.80625 0.1109375 0.14375