1 0.3453125 0.421875 0.0625 0.0875
0 0.49765625 0.43203125 0.0265625 0.0390625
0 0.40078125 0.4390625 0.0296875 0.03125
0 0.39609375 0.46171875 0.0359375 0.0359375
1 0.27109375 0.46328125 0.0546875 0.0765625
1 0.62890625 0.46484375 0.0546875 0.0671875
1 0.31171875 0.47265625 0.0640625 0.0828125
0 0.3875 0.478125 0.034375 0.046875
1 0.2234375 0.5 0.0625 0.06875
0 0.37890625 0.52734375 0.0421875 0.0546875
0 0.5375 0.54765625 0.0625 0.0796875
1 0.16328125 0.56484375 0.0890625 0.1421875
0 0.36015625 0.59140625 0.0640625 0.0796875
1 0.21953125 0.603125 0.1546875 0.21875
1 0.05078125 0.678125 0.1015625 0.196875
0 0.31484375 0.7078125 0.0859375 0.10625
0 0.2609375 0.890625 0.146875 0.190625