1 0.2984375 0.4125 0.0625 0.084375
1 0.54375 0.415625 0.046875 0.075
0 0.409375 0.42421875 0.028125 0.0390625
0 0.40390625 0.45390625 0.0328125 0.0421875
0 0.5015625 0.45546875 0.034375 0.0390625
1 0.2484375 0.4609375 0.08125 0.125
1 0.31015625 0.46875 0.0703125 0.10625
0 0.38515625 0.49765625 0.0390625 0.0546875
1 0.65859375 0.50625 0.0640625 0.06875
0 0.3625 0.56796875 0.05625 0.0765625
0 0.2671875 0.575 0.06875 0.065625
1 0.16328125 0.57734375 0.0984375 0.1171875
0 0.34375 0.65625 0.075 0.109375
0 0.3078125 0.79609375 0.10625 0.1453125