1 0.34921875 0.41953125 0.0546875 0.0859375
0 0.39609375 0.4390625 0.0296875 0.03125
1 0.2765625 0.45703125 0.046875 0.0609375
0 0.3921875 0.46953125 0.034375 0.0484375
1 0.31171875 0.47265625 0.0640625 0.0828125
0 0.5140625 0.484375 0.040625 0.05625
1 0.2375 0.48515625 0.046875 0.0578125
0 0.38046875 0.51796875 0.0359375 0.0484375
1 0.709375 0.53828125 0.075 0.0984375
1 0.1734375 0.54609375 0.08125 0.1078125
0 0.36953125 0.56875 0.0609375 0.075
1 0.23828125 0.57734375 0.1390625 0.1921875
1 0.06875 0.63125 0.128125 0.153125
0 0.32578125 0.66796875 0.0828125 0.0890625
0 0.27734375 0.82109375 0.1203125 0.1546875
0 0.65078125 0.8375 0.1328125 0.215625
1 0.075 0.8578125 0.15 0.284375