1 0.26640625 0.45 0.0734375 0.109375
1 0.5625 0.453125 0.0375 0.075
0 0.3875 0.4625 0.034375 0.04375
0 0.33671875 0.46875 0.0328125 0.040625
0 0.50390625 0.48359375 0.0390625 0.0546875
0 0.16953125 0.51484375 0.0515625 0.0578125
1 0.28671875 0.525 0.0828125 0.121875
0 0.1984375 0.540625 0.053125 0.05625
0 0.3765625 0.55 0.046875 0.053125
1 0.6421875 0.55 0.13125 0.203125
0 0.8171875 0.640625 0.11875 0.125
0 0.06328125 0.67265625 0.0953125 0.1171875
0 0.3234375 0.675 0.075 0.103125
0 0.15390625 0.72890625 0.1046875 0.1296875