0 0.37890625 0.39765625 0.0265625 0.0328125
0 0.41484375 0.40859375 0.0234375 0.0296875
0 0.4875 0.41953125 0.025 0.0390625
1 0.35859375 0.421875 0.0390625 0.05625
1 0.31015625 0.42421875 0.0390625 0.0609375
1 0.54609375 0.42421875 0.0515625 0.0859375
0 0.40703125 0.440625 0.0328125 0.034375
1 0.2671875 0.453125 0.04375 0.065625
0 0.62890625 0.4671875 0.0390625 0.05
1 0.3203125 0.47109375 0.053125 0.0828125
1 0.2359375 0.48046875 0.059375 0.0984375
0 0.5171875 0.48203125 0.0375 0.0515625
0 0.37578125 0.53828125 0.0484375 0.0640625
1 0.27578125 0.54375 0.0703125 0.1125
0 0.34765625 0.64296875 0.0765625 0.0984375
1 0.071875 0.6453125 0.14375 0.24375
0 0.57109375 0.6546875 0.0828125 0.125
0 0.21015625 0.709375 0.1015625 0.103125
0 0.265625 0.9171875 0.15 0.165625