1 0.33203125 0.3875 0.0390625 0.0625
1 0.38046875 0.38984375 0.0421875 0.0671875
0 0.36484375 0.421875 0.0328125 0.040625
0 0.4078125 0.421875 0.028125 0.03125
0 0.534375 0.42421875 0.028125 0.0359375
1 0.29765625 0.44296875 0.0390625 0.0609375
0 0.39765625 0.44921875 0.0328125 0.0390625
1 0.246875 0.490625 0.05625 0.071875
0 0.38984375 0.5046875 0.0421875 0.0625
0 0.51953125 0.50625 0.0390625 0.059375
0 0.30234375 0.509375 0.0453125 0.053125
0 0.2640625 0.56171875 0.053125 0.0515625
0 0.36953125 0.56484375 0.0515625 0.0703125
1 0.1125 0.59609375 0.109375 0.1453125
0 0.253125 0.621875 0.06875 0.08125
1 0.7375 0.6671875 0.13125 0.225
0 0.325 0.7 0.08125 0.096875
1 0.08359375 0.84453125 0.1671875 0.2765625