0 0.38046875 0.40078125 0.0296875 0.0359375
1 0.340625 0.403125 0.03125 0.0375
1 0.41640625 0.4125 0.0296875 0.034375
0 0.36484375 0.42109375 0.0265625 0.0328125
0 0.48828125 0.42109375 0.0265625 0.0421875
0 0.40703125 0.43515625 0.0234375 0.0296875
1 0.27578125 0.446875 0.0484375 0.071875
1 0.33828125 0.4625 0.0453125 0.075
0 0.3984375 0.475 0.034375 0.040625
1 0.2296875 0.4859375 0.05625 0.075
1 0.278125 0.525 0.065625 0.103125
1 0.18203125 0.52890625 0.0796875 0.1171875
0 0.35625 0.61015625 0.065625 0.0828125
0 0.57890625 0.65703125 0.0828125 0.1234375
1 0.1890625 0.65859375 0.115625 0.1703125
1 0.85859375 0.6875 0.1390625 0.1375
0 0.31875 0.771875 0.10625 0.140625
1 0.8078125 0.79140625 0.16875 0.2421875