1 0.53125 0.40078125 0.034375 0.0515625
1 0.48125 0.403125 0.03125 0.040625
0 0.36171875 0.43046875 0.0296875 0.0359375
0 0.4046875 0.43359375 0.028125 0.0421875
1 0.215625 0.4828125 0.065625 0.05625
0 0.384375 0.4875 0.040625 0.05
1 0.29609375 0.4921875 0.0859375 0.1375
0 0.36953125 0.54453125 0.0390625 0.0609375
0 0.646875 0.60859375 0.071875 0.0828125
0 0.32734375 0.64375 0.0796875 0.109375
1 0.14453125 0.66015625 0.2078125 0.3046875
0 0.29140625 0.753125 0.0953125 0.121875
1 0.05390625 0.8640625 0.1078125 0.271875
0 0.2625 0.915625 0.14375 0.16875