1 0.5078125 0.346875 0.0125 0.025
0 0.4671875 0.346875 0.0125 0.015625
1 0.4890625 0.3484375 0.015625 0.025
0 0.47734375 0.359375 0.0140625 0.01875
1 0.52734375 0.36875 0.0265625 0.04375
0 0.4828125 0.396875 0.015625 0.01875
0 0.36484375 0.42109375 0.0203125 0.0296875
0 0.40703125 0.42109375 0.0203125 0.0296875
1 0.5671875 0.453125 0.04375 0.065625
1 0.315625 0.4625 0.078125 0.11875
1 0.25 0.47578125 0.05 0.0734375
0 0.3953125 0.4765625 0.03125 0.04375
0 0.38203125 0.50390625 0.0421875 0.0546875
1 0.6125 0.50546875 0.08125 0.1265625
0 0.540625 0.56015625 0.05625 0.0828125
1 0.1640625 0.65 0.215625 0.303125
0 0.3328125 0.65 0.075 0.1125
0 0.290625 0.75234375 0.096875 0.1171875
1 0.06171875 0.86640625 0.1234375 0.2671875
0 0.2609375 0.91328125 0.128125 0.1640625