1 0.3015625 0.41875 0.053125 0.071875
1 0.25546875 0.45 0.0796875 0.0875
0 0.6328125 0.47890625 0.046875 0.0578125
0 0.5109375 0.48515625 0.04375 0.0578125
0 0.3125 0.49921875 0.034375 0.0515625
0 0.37578125 0.50859375 0.0421875 0.0546875
0 0.37421875 0.553125 0.0421875 0.059375
1 0.1171875 0.571875 0.13125 0.1625
1 0.215625 0.575 0.15 0.20625
0 0.3484375 0.60390625 0.053125 0.0671875
0 0.33046875 0.66171875 0.0890625 0.1109375
0 0.625 0.74375 0.1 0.171875
0 0.2921875 0.75625 0.10625 0.128125
0 0.2421875 0.94140625 0.1625 0.1171875