0 0.33125 0.38515625 0.03125 0.0328125
0 0.54765625 0.38828125 0.0296875 0.0390625
0 0.52421875 0.41015625 0.0296875 0.0453125
0 0.36953125 0.415625 0.0296875 0.040625
0 0.490625 0.4203125 0.03125 0.04375
0 0.4109375 0.425 0.028125 0.034375
0 0.40078125 0.4375 0.0328125 0.040625
0 0.353125 0.446875 0.025 0.05
1 0.33125 0.4625 0.059375 0.0875
1 0.22890625 0.47109375 0.0984375 0.1171875
0 0.4046875 0.471875 0.046875 0.0625
0 0.6078125 0.4796875 0.046875 0.0625
0 0.51875 0.49375 0.046875 0.05625
1 0.28125 0.52734375 0.08125 0.1203125
0 0.3578125 0.559375 0.071875 0.0875
1 0.12890625 0.57265625 0.1703125 0.2046875
0 0.34765625 0.621875 0.0765625 0.09375
1 0.69921875 0.65625 0.1015625 0.16875
0 0.82109375 0.671875 0.1203125 0.140625
0 0.0328125 0.72890625 0.065625 0.0953125
1 0.109375 0.7875 0.209375 0.346875
0 0.278125 0.81953125 0.128125 0.1984375