0 0.38828125 0.471875 0.0390625 0.04375
1 0.259375 0.4734375 0.053125 0.0875
1 0.31328125 0.48203125 0.0765625 0.1109375
1 0.20078125 0.50234375 0.0734375 0.0671875
0 0.38359375 0.50234375 0.0421875 0.0421875
1 0.57734375 0.5171875 0.1109375 0.175
0 0.3703125 0.54453125 0.05 0.0609375
0 0.35078125 0.596875 0.0640625 0.065625
1 0.1015625 0.59921875 0.10625 0.1640625
1 0.21796875 0.60546875 0.1453125 0.2015625
0 0.33125 0.6546875 0.075 0.1
0 0.58515625 0.67578125 0.0890625 0.1390625
1 0.88828125 0.69375 0.2234375 0.3
1 0.30546875 0.78125 0.1078125 0.15625