1 0.353125 0.36484375 0.03125 0.0453125
1 0.33125 0.396875 0.04375 0.06875
0 0.4234375 0.40546875 0.021875 0.0265625
0 0.29609375 0.409375 0.0328125 0.0375
0 0.40390625 0.41015625 0.0234375 0.0296875
1 0.3625 0.4125 0.0375 0.05
0 0.396875 0.43203125 0.03125 0.0359375
1 0.57734375 0.446875 0.0546875 0.09375
1 0.34140625 0.45 0.0484375 0.078125
0 0.39921875 0.45234375 0.0359375 0.0453125
1 0.26953125 0.465625 0.0609375 0.0875
0 0.390625 0.475 0.040625 0.046875
0 0.309375 0.49765625 0.046875 0.0671875
0 0.36875 0.53125 0.053125 0.06875
0 0.2125 0.54140625 0.059375 0.0703125
0 0.26953125 0.56875 0.0609375 0.078125
0 0.63515625 0.5734375 0.0671875 0.0875
0 0.04140625 0.63125 0.0828125 0.090625
0 0.71171875 0.703125 0.1109375 0.15
0 0.16953125 0.7265625 0.1171875 0.15625
0 0.66328125 0.83515625 0.1390625 0.2171875
0 0.23359375 0.9 0.1703125 0.2