0 0.38828125 0.471875 0.0390625 0.04375
1 0.2546875 0.475 0.053125 0.0875
1 0.31328125 0.48203125 0.0765625 0.1109375
1 0.54765625 0.48671875 0.0890625 0.1484375
1 0.20078125 0.50234375 0.0734375 0.0671875
0 0.38359375 0.50234375 0.0421875 0.0421875
0 0.3703125 0.54453125 0.05 0.0609375
0 0.35078125 0.596875 0.0640625 0.065625
0 0.55546875 0.59921875 0.0765625 0.1109375
1 0.09140625 0.609375 0.1140625 0.165625
1 0.203125 0.62265625 0.159375 0.2171875
1 0.8390625 0.63671875 0.20625 0.2484375
0 0.33125 0.6546875 0.075 0.1
1 0.30390625 0.7953125 0.1078125 0.15625