0 0.53828125 0.4265625 0.0265625 0.03125
0 0.2890625 0.4375 0.028125 0.03125
0 0.3484375 0.45078125 0.03125 0.0359375
0 0.396875 0.4609375 0.034375 0.0375
0 0.5203125 0.48046875 0.0375 0.0515625
0 0.3265625 0.4890625 0.0375 0.05625
0 0.64921875 0.49609375 0.0484375 0.0578125
0 0.38359375 0.5078125 0.0390625 0.04375
1 0.19609375 0.515625 0.1109375 0.159375
1 0.2859375 0.51640625 0.065625 0.0953125
0 0.39453125 0.54296875 0.0484375 0.0640625
1 0.20703125 0.61953125 0.1046875 0.1515625
0 0.328125 0.65234375 0.06875 0.1078125
1 0.065625 0.65859375 0.13125 0.2453125
0 0.59140625 0.68359375 0.0921875 0.1453125
0 0.76640625 0.74375 0.1171875 0.14375
0 0.94140625 0.7703125 0.1171875 0.16875
0 0.3 0.78125 0.1 0.115625
1 0.08984375 0.82890625 0.1796875 0.3328125
0 0.23203125 0.93828125 0.1515625 0.1234375