1 0.35 0.36875 0.034375 0.05
1 0.328125 0.39375 0.053125 0.078125
1 0.53671875 0.4 0.0421875 0.0625
0 0.30234375 0.403125 0.0265625 0.034375
0 0.4234375 0.40546875 0.021875 0.0265625
0 0.40546875 0.41015625 0.0234375 0.0296875
1 0.35703125 0.41875 0.0421875 0.059375
0 0.396875 0.428125 0.03125 0.034375
0 0.2578125 0.44296875 0.034375 0.0390625
0 0.40078125 0.44375 0.0328125 0.028125
0 0.55546875 0.44765625 0.0390625 0.0546875
1 0.33671875 0.45546875 0.0578125 0.0859375
1 0.27578125 0.459375 0.0390625 0.053125
0 0.39765625 0.459375 0.0390625 0.046875
0 0.21015625 0.47265625 0.0421875 0.0578125
1 0.24375 0.484375 0.059375 0.08125
0 0.521875 0.4859375 0.046875 0.0625
0 0.3828125 0.48828125 0.05 0.0609375
1 0.303125 0.50234375 0.053125 0.0703125
0 0.3515625 0.58125 0.071875 0.0875
0 0.25234375 0.6 0.0859375 0.1
0 0.15546875 0.60078125 0.0921875 0.1015625
0 0.0703125 0.9109375 0.140625 0.178125