1 0.29765625 0.41875 0.0546875 0.084375
1 0.56015625 0.44375 0.0671875 0.1
1 0.33515625 0.44609375 0.0453125 0.0703125
0 0.4015625 0.45390625 0.034375 0.0453125
0 0.60859375 0.45390625 0.0421875 0.0453125
1 0.2421875 0.4703125 0.078125 0.11875
0 0.38046875 0.490625 0.0390625 0.05625
0 0.3203125 0.49375 0.046875 0.05625
0 0.6796875 0.51015625 0.0625 0.0796875
1 0.265625 0.559375 0.103125 0.153125
0 0.54609375 0.57421875 0.0578125 0.0890625
0 0.6453125 0.578125 0.06875 0.09375
0 0.09296875 0.5875 0.0859375 0.090625
0 0.1625 0.58828125 0.0625 0.0734375
0 0.36171875 0.596875 0.0671875 0.08125
0 0.7828125 0.61015625 0.1 0.1046875
0 0.2859375 0.7921875 0.1125 0.15
0 0.0984375 0.82109375 0.140625 0.1828125
0 0.79296875 0.85625 0.1453125 0.225