1 0.33671875 0.390625 0.0390625 0.0625
1 0.38046875 0.38984375 0.0421875 0.0671875
0 0.36484375 0.421875 0.0328125 0.040625
0 0.4078125 0.421875 0.028125 0.03125
0 0.54375 0.43984375 0.034375 0.0421875
1 0.29765625 0.44296875 0.0390625 0.0609375
0 0.39765625 0.44921875 0.0328125 0.0390625
1 0.2546875 0.48828125 0.05625 0.0734375
0 0.38984375 0.5046875 0.0421875 0.0625
0 0.30234375 0.509375 0.0453125 0.053125
0 0.53515625 0.55 0.0546875 0.071875
0 0.26875 0.553125 0.053125 0.053125
0 0.36953125 0.56484375 0.0515625 0.0703125
1 0.1296875 0.58359375 0.1125 0.1421875
0 0.2671875 0.6015625 0.06875 0.08125
0 0.328125 0.68125 0.08125 0.096875
1 0.82890625 0.7875 0.1859375 0.30625
1 0.09765625 0.79609375 0.1953125 0.2453125