0 0.36953125 0.415625 0.0296875 0.03125
1 0.309375 0.43203125 0.034375 0.0515625
0 0.40234375 0.43828125 0.0328125 0.0390625
1 0.2578125 0.48046875 0.046875 0.0734375
0 0.57734375 0.48125 0.0390625 0.05625
0 0.31640625 0.48671875 0.0421875 0.0515625
1 0.3890625 0.49296875 0.040625 0.0515625
0 0.28203125 0.52421875 0.0390625 0.0390625
0 0.3734375 0.55 0.05 0.065625
1 0.15234375 0.56171875 0.0984375 0.1140625
0 0.28359375 0.5703125 0.0609375 0.06875
0 0.34140625 0.65 0.0765625 0.0875
1 0.046875 0.675 0.09375 0.165625
1 0.14140625 0.72109375 0.1515625 0.2046875
0 0.5953125 0.73359375 0.096875 0.1296875