1 0.29296875 0.43203125 0.0515625 0.0734375
1 0.334375 0.44453125 0.0625 0.0984375
1 0.2546875 0.4609375 0.059375 0.0625
0 0.38828125 0.471875 0.0390625 0.04375
0 0.58203125 0.48671875 0.0421875 0.0734375
0 0.51953125 0.50078125 0.0453125 0.0609375
0 0.38359375 0.50234375 0.0421875 0.0421875
1 0.1984375 0.51484375 0.071875 0.1078125
1 0.27578125 0.51640625 0.0921875 0.1328125
0 0.3734375 0.540625 0.05 0.059375
0 0.35234375 0.58671875 0.0640625 0.0640625
0 0.33125 0.6484375 0.075 0.1
1 0.1921875 0.65546875 0.140625 0.1984375
1 0.903125 0.68125 0.178125 0.190625
1 0.05859375 0.68984375 0.1171875 0.3296875
1 0.3296875 0.7265625 0.09375 0.13125
1 0.8546875 0.81640625 0.290625 0.3671875
0 0.29140625 0.8625 0.1265625 0.15625