1 0.3671875 0.403125 0.04375 0.065625
1 0.33203125 0.43359375 0.0671875 0.1046875
0 0.40078125 0.4390625 0.0296875 0.03125
0 0.39453125 0.46953125 0.0359375 0.0359375
1 0.24453125 0.4890625 0.0609375 0.08125
0 0.38203125 0.496875 0.0390625 0.05
1 0.290625 0.49765625 0.075 0.0921875
1 0.18984375 0.534375 0.0796875 0.084375
0 0.36640625 0.55625 0.0484375 0.065625
1 0.084375 0.6 0.13125 0.121875
0 0.34140625 0.65859375 0.0796875 0.0953125
1 0.1328125 0.72109375 0.2375 0.3171875
0 0.2828125 0.821875 0.1125 0.134375
0 0.65859375 0.884375 0.1515625 0.23125