0 0.31328125 0.4 0.0203125 0.034375
0 0.4921875 0.40234375 0.025 0.0296875
0 0.4 0.41875 0.03125 0.028125
1 0.35078125 0.42421875 0.0453125 0.0609375
1 0.28046875 0.43828125 0.0703125 0.0859375
0 0.39921875 0.4515625 0.0359375 0.04375
0 0.50078125 0.45625 0.0328125 0.05625
0 0.3921875 0.471875 0.034375 0.046875
1 0.23203125 0.4734375 0.1046875 0.1
0 0.33359375 0.475 0.0390625 0.05
0 0.30859375 0.503125 0.0421875 0.046875
0 0.375 0.50390625 0.046875 0.0546875
0 0.28125 0.55390625 0.05 0.0796875
0 0.37265625 0.5546875 0.0453125 0.0625
0 0.3484375 0.60703125 0.0625 0.0765625
1 0.17421875 0.628125 0.1890625 0.246875
0 0.321875 0.67734375 0.0875 0.1203125
1 0.0421875 0.70234375 0.084375 0.2578125
0 0.28046875 0.80078125 0.1171875 0.1484375