1 0.29765625 0.41875 0.0546875 0.084375
1 0.5453125 0.42109375 0.053125 0.0828125
0 0.5921875 0.43359375 0.03125 0.0453125
1 0.33515625 0.44609375 0.0453125 0.0703125
0 0.3984375 0.46484375 0.034375 0.0453125
1 0.2421875 0.4703125 0.078125 0.11875
0 0.64609375 0.478125 0.0421875 0.059375
0 0.19375 0.48828125 0.0375 0.0515625
0 0.315625 0.5 0.046875 0.05625
0 0.37578125 0.503125 0.0390625 0.05625
0 0.59609375 0.50859375 0.0515625 0.0671875
0 0.52578125 0.5125 0.0453125 0.0625
0 0.715625 0.54140625 0.071875 0.0796875
1 0.25 0.57265625 0.109375 0.1578125
0 0.14140625 0.6125 0.0703125 0.078125
0 0.35390625 0.61875 0.0671875 0.08125
0 0.0453125 0.62109375 0.090625 0.1078125
0 0.67421875 0.65 0.0921875 0.125
0 0.2640625 0.865625 0.134375 0.171875
0 0.0703125 0.88203125 0.140625 0.2359375
0 0.64765625 0.9109375 0.1328125 0.178125
0 0.89140625 0.9125 0.1671875 0.175