1 0.328125 0.4 0.034375 0.059375
1 0.3625 0.4125 0.0375 0.053125
1 0.28203125 0.428125 0.0703125 0.1
0 0.40625 0.43828125 0.028125 0.0390625
0 0.4015625 0.47265625 0.0375 0.0421875
1 0.21640625 0.4984375 0.1109375 0.1625
1 0.2828125 0.50703125 0.09375 0.1515625
0 0.37421875 0.525 0.0515625 0.053125
0 0.14765625 0.53359375 0.0578125 0.0578125
0 0.35234375 0.59375 0.0640625 0.08125
1 0.08671875 0.65 0.1234375 0.153125
1 0.3359375 0.6921875 0.0875 0.125
0 0.18984375 0.69921875 0.0953125 0.1109375
0 0.29609375 0.83359375 0.1140625 0.1453125