1 0.359375 0.40546875 0.04375 0.0640625
0 0.40078125 0.44375 0.0296875 0.03125
1 0.32578125 0.453125 0.0671875 0.1125
0 0.39296875 0.48125 0.0421875 0.05625
0 0.51171875 0.48125 0.0390625 0.05625
0 0.38203125 0.496875 0.0390625 0.05
1 0.2265625 0.50546875 0.071875 0.0984375
1 0.27421875 0.5234375 0.0890625 0.1125
1 0.1609375 0.55625 0.090625 0.103125
1 0.76171875 0.565625 0.1296875 0.16875
0 0.3578125 0.5953125 0.065625 0.08125
0 0.55546875 0.60234375 0.0609375 0.1046875
1 0.0484375 0.628125 0.096875 0.09375
0 0.3265625 0.72265625 0.096875 0.1171875
1 0.10390625 0.81015625 0.2078125 0.3796875