0 0.49375 0.3625 0.025 0.025
0 0.48125 0.38671875 0.028125 0.0359375
1 0.3171875 0.409375 0.04375 0.059375
1 0.271875 0.4328125 0.053125 0.06875
0 0.353125 0.44609375 0.0375 0.0421875
0 0.3890625 0.46328125 0.03125 0.0484375
1 0.2234375 0.46875 0.103125 0.078125
1 0.2640625 0.5234375 0.11875 0.15
0 0.38515625 0.54296875 0.0515625 0.0859375
0 0.3515625 0.5875 0.05 0.065625
1 0.15078125 0.65078125 0.1953125 0.2890625
0 0.3265625 0.6625 0.078125 0.109375
0 0.025 0.71875 0.05 0.109375
0 0.28984375 0.7625 0.1140625 0.1375
1 0.0484375 0.875 0.096875 0.25
0 0.26953125 0.9171875 0.1484375 0.165625