1 0.51640625 0.38125 0.0296875 0.0375
0 0.5515625 0.39296875 0.01875 0.0265625
0 0.53046875 0.415625 0.0234375 0.0375
0 0.49140625 0.421875 0.0265625 0.025
0 0.5796875 0.42109375 0.025 0.0328125
1 0.35234375 0.42578125 0.0359375 0.0515625
1 0.284375 0.43125 0.05625 0.084375
0 0.396875 0.44296875 0.028125 0.0359375
0 0.609375 0.4453125 0.03125 0.04375
0 0.54765625 0.453125 0.0359375 0.046875
1 0.33203125 0.45625 0.0421875 0.059375
0 0.39140625 0.48671875 0.0359375 0.0484375
1 0.22265625 0.48984375 0.0921875 0.1328125
0 0.5859375 0.48984375 0.040625 0.0546875
0 0.5125 0.49375 0.040625 0.046875
1 0.68984375 0.51796875 0.0546875 0.0765625
0 0.275 0.53203125 0.059375 0.0515625
0 0.36328125 0.54375 0.0484375 0.0625
0 0.1234375 0.56171875 0.065625 0.0734375
1 0.2234375 0.61015625 0.128125 0.1703125
0 0.5640625 0.615625 0.06875 0.09375
0 0.79921875 0.653125 0.1046875 0.1375
0 0.725 0.696875 0.09375 0.128125
0 0.08203125 0.7140625 0.0828125 0.10625
0 0.32265625 0.72109375 0.0671875 0.0953125