0 0.475 0.371875 0.01875 0.021875
0 0.50234375 0.378125 0.0140625 0.0125
0 0.525 0.39453125 0.0125 0.0234375
0 0.48828125 0.396875 0.0234375 0.021875
1 0.33984375 0.39921875 0.0265625 0.0359375
0 0.3703125 0.4078125 0.01875 0.03125
0 0.41484375 0.409375 0.0203125 0.028125
0 0.296875 0.41640625 0.028125 0.0421875
0 0.3578125 0.43359375 0.025 0.0453125
0 0.5984375 0.43828125 0.034375 0.0515625
0 0.40390625 0.440625 0.0234375 0.046875
1 0.5515625 0.4421875 0.034375 0.05
0 0.334375 0.4640625 0.0375 0.05625
0 0.39296875 0.47109375 0.0265625 0.0453125
0 0.51328125 0.48671875 0.0421875 0.0609375
1 0.2984375 0.4875 0.065625 0.096875
0 0.59140625 0.50078125 0.0515625 0.0515625
1 0.21640625 0.50234375 0.1015625 0.1453125
0 0.396875 0.51875 0.05 0.075
1 0.23046875 0.584375 0.1046875 0.153125
0 0.33125 0.61640625 0.06875 0.1078125
1 0.08046875 0.6375 0.1609375 0.265625
0 0.8421875 0.70078125 0.10625 0.1484375
0 0.31328125 0.72421875 0.0765625 0.1109375
0 0.628125 0.7625 0.109375 0.171875
1 0.09921875 0.82265625 0.1984375 0.3453125
0 0.2421875 0.92265625 0.140625 0.1546875