1 0.31796875 0.415625 0.0453125 0.0625
1 0.59453125 0.43203125 0.0390625 0.0734375
1 0.27578125 0.440625 0.0640625 0.071875
0 0.403125 0.44375 0.03125 0.05
1 0.5546875 0.44453125 0.04375 0.0984375
0 0.34765625 0.45 0.0421875 0.0375
0 0.32109375 0.4875 0.0421875 0.05625
0 0.3734375 0.50234375 0.04375 0.0671875
1 0.17890625 0.50390625 0.0828125 0.1078125
1 0.2390625 0.55 0.140625 0.178125
0 0.375 0.55 0.059375 0.071875
0 0.34921875 0.603125 0.0671875 0.08125
0 0.3234375 0.659375 0.0875 0.109375
0 0.58984375 0.71484375 0.1015625 0.1578125
0 0.29375 0.75078125 0.109375 0.1359375
1 0.11171875 0.78125 0.2234375 0.4375
0 0.2640625 0.9109375 0.1375 0.175