1 0.34453125 0.396875 0.0265625 0.0375
0 0.38046875 0.40078125 0.0296875 0.0359375
1 0.41484375 0.409375 0.0265625 0.025
0 0.37265625 0.41875 0.0265625 0.034375
0 0.40703125 0.43125 0.0234375 0.028125
1 0.28515625 0.43671875 0.0453125 0.0640625
0 0.496875 0.44375 0.034375 0.04375
1 0.34375 0.45234375 0.04375 0.0578125
0 0.4 0.46640625 0.034375 0.0421875
1 0.23828125 0.47265625 0.0453125 0.0703125
1 0.2875 0.50546875 0.0625 0.0890625
1 0.19375 0.51328125 0.075 0.1015625
0 0.36328125 0.5875 0.0609375 0.075
1 0.2171875 0.625 0.096875 0.15625
0 0.32734375 0.73359375 0.1015625 0.1296875
0 0.6734375 0.90390625 0.14375 0.1921875