0 0.48203125 0.3875 0.0203125 0.0375
1 0.29375 0.43125 0.0625 0.08125
0 0.40859375 0.4328125 0.0265625 0.04375
0 0.503125 0.4390625 0.0375 0.06875
0 0.35703125 0.44296875 0.0421875 0.0359375
0 0.38984375 0.4671875 0.0421875 0.0375
0 0.3359375 0.471875 0.034375 0.053125
0 0.38359375 0.49453125 0.0421875 0.0609375
1 0.24296875 0.55 0.1421875 0.1875
0 0.37578125 0.553125 0.0546875 0.075
1 0.74140625 0.57109375 0.0984375 0.1421875
1 0.12578125 0.57734375 0.1546875 0.1921875
1 0.6625 0.584375 0.09375 0.175
0 0.35546875 0.59375 0.0703125 0.071875
0 0.32734375 0.6625 0.0859375 0.121875
1 0.128125 0.70859375 0.25625 0.3671875
0 0.29296875 0.75703125 0.1078125 0.1359375
0 0.2625 0.91328125 0.134375 0.1734375