1 0.31328125 0.40703125 0.0390625 0.0734375
1 0.58828125 0.41953125 0.0421875 0.0734375
1 0.553125 0.43359375 0.040625 0.0828125
0 0.3921875 0.43984375 0.028125 0.0546875
1 0.2828125 0.44609375 0.059375 0.0828125
0 0.34453125 0.45078125 0.0546875 0.0484375
0 0.3234375 0.4796875 0.05 0.0625
0 0.38046875 0.50546875 0.0546875 0.0609375
1 0.175 0.5125 0.078125 0.115625
1 0.228125 0.553125 0.134375 0.190625
0 0.3703125 0.5625 0.05625 0.08125
0 0.346875 0.59765625 0.059375 0.0703125
0 0.56328125 0.63984375 0.0796875 0.1203125
0 0.33125 0.653125 0.08125 0.09375
0 0.28828125 0.75234375 0.1109375 0.1421875
1 0.1078125 0.77890625 0.215625 0.4421875
0 0.26796875 0.9125 0.1359375 0.165625