1 0.51640625 0.35 0.0234375 0.03125
1 0.49921875 0.36015625 0.0203125 0.0296875
0 0.47265625 0.3640625 0.0140625 0.01875
1 0.39140625 0.375 0.0234375 0.034375
1 0.54375 0.375 0.028125 0.046875
0 0.50234375 0.384375 0.0140625 0.028125
0 0.48671875 0.39296875 0.0203125 0.0265625
0 0.3703125 0.4125 0.01875 0.021875
0 0.40859375 0.415625 0.0234375 0.034375
0 0.5 0.42265625 0.021875 0.0328125
1 0.328125 0.45625 0.06875 0.1125
0 0.40078125 0.459375 0.0296875 0.034375
1 0.25859375 0.465625 0.0421875 0.0625
0 0.51171875 0.4875 0.0359375 0.04375
0 0.38828125 0.49296875 0.0359375 0.0390625
1 0.63828125 0.54609375 0.0859375 0.1046875
1 0.18984375 0.609375 0.1796875 0.26875
0 0.34140625 0.625 0.0734375 0.1
1 0.04609375 0.68203125 0.0921875 0.1265625
1 0.7625 0.7 0.16875 0.3125
0 0.2953125 0.740625 0.096875 0.125
1 0.05625 0.865625 0.1125 0.26875
0 0.259375 0.9109375 0.121875 0.1625