1 0.5359375 0.4046875 0.040625 0.075
1 0.2984375 0.4125 0.0625 0.084375
0 0.409375 0.42421875 0.028125 0.0390625
0 0.496875 0.446875 0.028125 0.034375
0 0.40390625 0.45390625 0.0328125 0.0421875
1 0.24140625 0.46796875 0.0796875 0.1359375
1 0.3078125 0.46796875 0.078125 0.1109375
1 0.64609375 0.490625 0.0578125 0.0625
0 0.3828125 0.5 0.046875 0.053125
0 0.36328125 0.575 0.0640625 0.08125
0 0.2609375 0.584375 0.071875 0.071875
1 0.15546875 0.59140625 0.1015625 0.1296875
1 0.33984375 0.66796875 0.0796875 0.1109375
0 0.303125 0.81015625 0.10625 0.1453125