1 0.34921875 0.41953125 0.0546875 0.0859375
0 0.39609375 0.4390625 0.0296875 0.03125
1 0.2828125 0.44453125 0.046875 0.0609375
1 0.31328125 0.47109375 0.0640625 0.0828125
0 0.3859375 0.471875 0.034375 0.046875
1 0.2453125 0.47890625 0.046875 0.0578125
0 0.5203125 0.49375 0.040625 0.05625
0 0.38046875 0.51796875 0.0359375 0.0484375
1 0.1734375 0.54609375 0.08125 0.1078125
1 0.72578125 0.55703125 0.0859375 0.1109375
0 0.3671875 0.56953125 0.05625 0.0734375
1 0.23828125 0.57734375 0.1390625 0.1921875
1 0.07265625 0.62578125 0.1234375 0.1390625
0 0.33046875 0.65859375 0.0765625 0.0828125
0 0.28359375 0.80859375 0.1203125 0.1421875
1 0.08203125 0.846875 0.1640625 0.30625
0 0.69296875 0.915625 0.1609375 0.16875