1 0.26484375 0.45703125 0.0546875 0.0890625
1 0.3125 0.484375 0.053125 0.08125
1 0.68125 0.49453125 0.065625 0.0984375
0 0.39140625 0.49609375 0.0453125 0.0546875
1 0.596875 0.496875 0.0875 0.11875
0 0.5296875 0.54453125 0.05625 0.0765625
1 0.13671875 0.559375 0.1515625 0.184375
0 0.37265625 0.5625 0.0640625 0.078125
0 0.27265625 0.590625 0.0640625 0.071875
0 0.7734375 0.61796875 0.071875 0.1109375
0 0.31875 0.74609375 0.1 0.1421875
1 0.08203125 0.84453125 0.1578125 0.3109375
0 0.6875 0.8953125 0.165625 0.209375