1 0.3375 0.42421875 0.065625 0.1015625
0 0.40078125 0.4390625 0.0296875 0.03125
0 0.5 0.4421875 0.028125 0.05
0 0.39609375 0.46171875 0.0359375 0.0359375
1 0.26328125 0.478125 0.0546875 0.078125
0 0.3859375 0.484375 0.034375 0.046875
1 0.30546875 0.48515625 0.0640625 0.0828125
1 0.2046875 0.509375 0.0625 0.065625
0 0.37421875 0.5359375 0.0453125 0.0625
1 0.12421875 0.584375 0.1046875 0.109375
0 0.3515625 0.62421875 0.06875 0.0890625
1 0.19375 0.6421875 0.1875 0.25
0 0.30078125 0.7625 0.0953125 0.121875