1 0.34765625 0.42578125 0.0546875 0.0859375
0 0.41015625 0.42734375 0.0296875 0.0328125
1 0.28671875 0.43046875 0.0671875 0.0984375
0 0.3953125 0.46484375 0.034375 0.0421875
0 0.5078125 0.47421875 0.0375 0.0484375
0 0.31484375 0.50234375 0.0484375 0.0546875
1 0.228125 0.509375 0.065625 0.09375
0 0.17578125 0.515625 0.0546875 0.053125
0 0.37890625 0.51875 0.0453125 0.059375
0 0.54140625 0.54453125 0.0515625 0.0734375
1 0.66875 0.56953125 0.109375 0.1984375
1 0.359375 0.59296875 0.059375 0.0859375
1 0.1328125 0.61328125 0.096875 0.1265625
0 0.5765625 0.65859375 0.078125 0.1328125
0 0.19609375 0.690625 0.0953125 0.1
0 0.3296875 0.7125 0.08125 0.1125