1 0.503125 0.36484375 0.025 0.0453125
1 0.35 0.37421875 0.03125 0.0484375
0 0.48203125 0.39453125 0.0203125 0.0234375
1 0.36640625 0.40625 0.0296875 0.04375
0 0.4 0.4078125 0.025 0.01875
1 0.32109375 0.4140625 0.0328125 0.04375
0 0.3984375 0.42890625 0.028125 0.0296875
1 0.34921875 0.4359375 0.0359375 0.0625
0 0.30390625 0.4375 0.0265625 0.034375
0 0.403125 0.45 0.03125 0.034375
0 0.2390625 0.4625 0.034375 0.034375
0 0.3921875 0.46875 0.034375 0.040625
0 0.328125 0.46953125 0.0375 0.0515625
0 0.271875 0.47890625 0.034375 0.0421875
0 0.378125 0.49453125 0.0375 0.0515625
0 0.29296875 0.5234375 0.0484375 0.0625
1 0.1640625 0.528125 0.134375 0.153125
0 0.36875 0.534375 0.053125 0.071875
0 0.2515625 0.60546875 0.0625 0.0765625
1 0.05859375 0.68671875 0.1171875 0.2609375
0 0.740625 0.70625 0.109375 0.128125
0 0.32578125 0.73984375 0.0890625 0.1203125
0 0.1265625 0.809375 0.125 0.1625
0 0.20234375 0.96875 0.1453125 0.0625