1 0.51796875 0.3765625 0.0359375 0.06875
0 0.41640625 0.3890625 0.0203125 0.03125
1 0.37578125 0.39375 0.0296875 0.05
0 0.57734375 0.4 0.0234375 0.025
0 0.4875 0.409375 0.025 0.034375
0 0.403125 0.428125 0.028125 0.034375
0 0.503125 0.44453125 0.034375 0.0484375
1 0.34296875 0.45625 0.0359375 0.05
1 0.23984375 0.4734375 0.0765625 0.1375
1 0.2734375 0.51796875 0.09375 0.1484375
1 0.7015625 0.52265625 0.08125 0.1453125
0 0.3640625 0.54609375 0.053125 0.0703125
1 0.0640625 0.61484375 0.128125 0.1828125
0 0.55546875 0.6453125 0.0703125 0.11875
1 0.80390625 0.80625 0.1296875 0.203125
1 0.05078125 0.853125 0.0953125 0.29375