0 0.37578125 0.403125 0.0265625 0.03125
1 0.3171875 0.40703125 0.053125 0.0765625
0 0.4078125 0.409375 0.03125 0.0375
0 0.49375 0.425 0.025 0.034375
0 0.35546875 0.434375 0.0328125 0.04375
1 0.57578125 0.440625 0.0578125 0.096875
0 0.40859375 0.44375 0.0328125 0.046875
0 0.5078125 0.46171875 0.03125 0.0390625
0 0.525 0.5125 0.04375 0.0625
0 0.68671875 0.5203125 0.0515625 0.06875
1 0.27421875 0.525 0.0734375 0.128125
1 0.71640625 0.64765625 0.1578125 0.1828125
1 0.12265625 0.68828125 0.1640625 0.2109375