1 0.3671875 0.38828125 0.0375 0.0640625
1 0.53046875 0.403125 0.0421875 0.053125
0 0.49453125 0.42890625 0.0296875 0.0328125
0 0.559375 0.453125 0.034375 0.040625
0 0.50546875 0.465625 0.0328125 0.046875
0 0.38515625 0.4671875 0.0359375 0.05
0 0.5875 0.48828125 0.040625 0.0515625
1 0.6828125 0.57421875 0.1375 0.2609375
0 0.33359375 0.6125 0.0765625 0.1
0 0.5765625 0.646875 0.075 0.1125
1 0.03203125 0.70546875 0.0640625 0.1609375
1 0.6921875 0.87890625 0.15625 0.2421875
1 0.07578125 0.8890625 0.1515625 0.221875