1 0.37421875 0.3828125 0.0328125 0.05625
1 0.53828125 0.40859375 0.0453125 0.0578125
0 0.39453125 0.44375 0.0328125 0.04375
0 0.5 0.44765625 0.03125 0.0421875
1 0.625 0.47265625 0.04375 0.0578125
0 0.57109375 0.47578125 0.0421875 0.0515625
0 0.51640625 0.496875 0.0421875 0.053125
0 0.6109375 0.52109375 0.05 0.0671875
0 0.3640625 0.53203125 0.05625 0.0640625
1 0.753125 0.665625 0.228125 0.375
1 0.071875 0.6875 0.14375 0.29375
1 0.1875 0.69296875 0.109375 0.1359375
0 0.6453125 0.8265625 0.115625 0.19375