1 0.37890625 0.38125 0.0328125 0.05625
1 0.53984375 0.41171875 0.0421875 0.0515625
0 0.39765625 0.434375 0.0328125 0.04375
0 0.503125 0.4546875 0.034375 0.05
1 0.6296875 0.47890625 0.04375 0.0578125
0 0.57734375 0.48203125 0.0421875 0.0515625
0 0.3671875 0.509375 0.05625 0.065625
0 0.521875 0.5109375 0.046875 0.0625
0 0.61953125 0.534375 0.0578125 0.075
1 0.0828125 0.64765625 0.165625 0.2578125
1 0.21640625 0.6578125 0.0953125 0.11875
1 0.7765625 0.70390625 0.246875 0.4203125
0 0.6875 0.903125 0.153125 0.19375