1 0.53203125 0.39140625 0.0515625 0.0953125
1 0.3390625 0.39375 0.0375 0.046875
1 0.36640625 0.40078125 0.0390625 0.0484375
1 0.584375 0.40859375 0.03125 0.0421875
1 0.41640625 0.41171875 0.0296875 0.0484375
0 0.50703125 0.48203125 0.0421875 0.0515625
1 0.2203125 0.484375 0.10625 0.134375
0 0.38203125 0.496875 0.0515625 0.065625
1 0.65703125 0.50625 0.0515625 0.0625
0 0.340625 0.671875 0.08125 0.11875
0 0.59375 0.68984375 0.0875 0.1328125
1 0.04921875 0.85078125 0.0984375 0.2984375
1 0.91640625 0.9546875 0.1671875 0.090625