1 0.55078125 0.42578125 0.0484375 0.0640625
0 0.38671875 0.471875 0.0390625 0.053125
0 0.51328125 0.48203125 0.0359375 0.0515625
1 0.66171875 0.5125 0.0515625 0.071875
0 0.59609375 0.51328125 0.0453125 0.0640625
0 0.540625 0.56796875 0.053125 0.0765625
1 0.13828125 0.57109375 0.1671875 0.1921875
1 0.26875 0.571875 0.06875 0.090625
0 0.6546875 0.58203125 0.065625 0.0859375
1 0.86015625 0.7765625 0.2796875 0.446875
0 0.07421875 0.88046875 0.1484375 0.1765625
0 0.24921875 0.9234375 0.1359375 0.153125