0 0.37265625 0.40625 0.0265625 0.03125
1 0.31484375 0.409375 0.0484375 0.071875
0 0.4921875 0.42109375 0.025 0.0328125
0 0.4046875 0.428125 0.03125 0.0375
0 0.35390625 0.4390625 0.0328125 0.04375
1 0.56796875 0.43828125 0.0578125 0.0984375
0 0.40234375 0.45234375 0.0328125 0.0453125
0 0.503125 0.45546875 0.03125 0.0390625
0 0.521875 0.503125 0.034375 0.05
0 0.66875 0.50546875 0.0375 0.0484375
1 0.26171875 0.534375 0.0828125 0.140625
1 0.69453125 0.63359375 0.1421875 0.1796875
1 0.090625 0.73125 0.175 0.225